$hessian                                                                        
        0.4297982320   0.0096912148  -0.0680367216   0.0001875994  -0.0001107006
        0.0010583230  -0.0893718276  -0.0456215131   0.0406333788   0.0047362775
       -0.0030010328  -0.0040525608  -0.0028899025   0.0109752833   0.0054574961
       -0.1708040221   0.0451754280   0.0009452836  -0.0256656167  -0.0217953179
        0.0089307571  -0.0725520288  -0.0049156860   0.0055951948  -0.0044488852
        0.0001488368  -0.0019283397   0.0000662992  -0.0004754848   0.0001627967
       -0.0011119489   0.0005997850   0.0010401591   0.0001075928  -0.0001390961
        0.0004247364  -0.0012991793  -0.0078807630   0.0107743362  -0.0013740857
        0.0007619375   0.0005814082  -0.0005563593  -0.0000423399   0.0004334942
        0.0001679819  -0.0003314149   0.0000885444  -0.0000986745  -0.0006982372
        0.0009173413  -0.0205699456   0.0042719133   0.0082023757  -0.0389354244
        0.0167140865  -0.0091138884  -0.0026394680  -0.0168289262  -0.0106912983
       -0.0008461993   0.0240998385   0.0188260385  -0.0011847645  -0.0102427327
       -0.0100751223   0.0002013342  -0.0000175259  -0.0002561814  -0.0004504261
       -0.0003949333  -0.0000677607  -0.0003523929   0.0001173530   0.0001165435
       -0.0001141657  -0.0000599723   0.0000336654
        0.0096912148   0.4752461609   0.0825007824  -0.0000078293   0.0002123888
       -0.0004597690  -0.0243743788  -0.1205802322   0.0382727724  -0.0042996524
       -0.0348217312   0.0012872507   0.0216158838  -0.0282343408  -0.0094051679
        0.0359755496  -0.0885317836  -0.0005748942  -0.0077278259   0.0019663834
       -0.0019202549  -0.0179860522  -0.1437983406  -0.0881355772   0.0005203934
       -0.0000665723  -0.0004434695   0.0002263737  -0.0004406383   0.0015706957
        0.0003195200  -0.0000290868   0.0001304966   0.0000948824   0.0000343319
       -0.0001334883  -0.0088119788  -0.0131211979   0.0176721350   0.0007213254
       -0.0029928359  -0.0009980380   0.0012157969  -0.0027206307  -0.0002602181
        0.0003552865   0.0004112191  -0.0000623202  -0.0015220264  -0.0060665947
       -0.0022341159  -0.0146045707   0.0075008617   0.0019932366   0.0150801019
       -0.0043348420   0.0028520398  -0.0048298652  -0.0248605027  -0.0130875007
        0.0041349440  -0.0124634152  -0.0086779996  -0.0065242442  -0.0026063733
       -0.0191840425   0.0004143942   0.0002204445  -0.0000966443   0.0002625352
        0.0000927921  -0.0005310165   0.0000252187   0.0000428952   0.0000049912
        0.0000350032  -0.0000583596  -0.0000798837
       -0.0680367216   0.0825007824   0.3127421384   0.0000232123  -0.0005670013
        0.0007693586   0.0153574567   0.0226102727  -0.0836239797  -0.0030983317
       -0.0079662472   0.0047477007   0.0145265143  -0.0175345714  -0.0040842020
        0.0295436538  -0.0132071277  -0.0580225639   0.0038832868  -0.0024711186
        0.0040806141  -0.0024584661  -0.0562005337  -0.1184733932  -0.0000959379
        0.0003253815   0.0002932556  -0.0006564399   0.0005812726  -0.0023501332
       -0.0000982560  -0.0000044984   0.0000015656  -0.0000948537   0.0000569914
        0.0001933879   0.0202486134   0.0278415857  -0.0234583419   0.0006497670
       -0.0015307173  -0.0000065809   0.0007613217  -0.0007580830  -0.0009938050
        0.0000318017   0.0005378456   0.0007987313   0.0001804812  -0.0031040896
       -0.0011461387   0.0160688273  -0.0073644628  -0.0032438112  -0.0209797231
        0.0074462412   0.0054248314  -0.0004387586   0.0064712289   0.0079373550
        0.0035276384  -0.0079944544  -0.0050737974  -0.0077360445  -0.0286771348
       -0.0376641406  -0.0004342233  -0.0003558761   0.0003182654  -0.0005620920
       -0.0004707372   0.0007647861  -0.0000089875  -0.0001285032  -0.0000216976
       -0.0001037386  -0.0000364453   0.0000905953
        0.0001875994  -0.0000078293   0.0000232123   0.5200326950   0.0260413386
       -0.0204821688   0.0014812162   0.0010672875  -0.0037736976  -0.0006044712
        0.0002011493   0.0004946764   0.0000527318   0.0000275017  -0.0002220489
        0.0002508226   0.0000886400  -0.0002742666  -0.0212197073   0.0559874187
       -0.0918318329  -0.0000676282   0.0003188948   0.0000902839  -0.0664849093
       -0.0123704277   0.0162562686  -0.2535256478   0.0120037372  -0.0273855852
        0.0484902957  -0.0398597808   0.0660146037  -0.1693434836  -0.0313306958
        0.0441968327  -0.0013105895   0.0004638490  -0.0003596720   0.0004404110
       -0.0000092802  -0.0000618250   0.0000893366   0.0001102479  -0.0000345508
       -0.0001612990   0.0000365211  -0.0000965251  -0.0000584997   0.0002203591
       -0.0002692475  -0.0001760489   0.0001250170  -0.0002110778   0.0000350451
        0.0001678465  -0.0003180720  -0.0001741875   0.0000117500  -0.0001199429
       -0.0000597261  -0.0000460155  -0.0001762178   0.0001903622   0.0000627780
       -0.0002246637  -0.0000745380  -0.0002540816   0.0003602797  -0.0297567358
       -0.0005199505  -0.0000595403   0.0011560929  -0.0002876222   0.0002070342
       -0.0293891364  -0.0122486528   0.0182577434
       -0.0001107006   0.0002123888  -0.0005670013   0.0260413386   0.1864592084
       -0.1424448299   0.0003353561   0.0030618432   0.0065550490  -0.0011449644
        0.0002746609   0.0001736237  -0.0002066375   0.0000705386   0.0002847290
        0.0000202900   0.0001282263   0.0000070662   0.0209387823   0.0129272382
        0.0056798312   0.0000841114   0.0001664793  -0.0004090730  -0.0128127860
       -0.0048712489  -0.0039118418   0.0383641474  -0.0800371812   0.0306769559
       -0.0043240780  -0.0086341512   0.0409919049  -0.0570388383  -0.1070663829
        0.0673010329   0.0017453041   0.0000503897   0.0007122747  -0.0000383164
        0.0003609254   0.0004840350  -0.0000215190  -0.0001436243   0.0004440485
        0.0000156760  -0.0004462986   0.0002097185   0.0000280494  -0.0001212299
        0.0004381502   0.0000910548  -0.0001051011  -0.0001840064  -0.0000401259
        0.0001425980   0.0000068733  -0.0000261530   0.0002171605  -0.0006196019
       -0.0000884846   0.0001888163  -0.0003739705  -0.0001345924   0.0004075702
       -0.0003678600   0.0000821214  -0.0028974932  -0.0021304910  -0.0121680258
       -0.0018978034  -0.0052538908   0.0007956318   0.0034684480   0.0075158663
       -0.0003866413  -0.0019159770  -0.0052185926
        0.0010583230  -0.0004597690   0.0007693586  -0.0204821688  -0.1424448299
        0.3242739566  -0.0003885056   0.0062117642  -0.0026579998  -0.0008952824
        0.0000085867  -0.0001373329  -0.0001514680   0.0000428802  -0.0000260046
        0.0000960875   0.0000951098  -0.0001667562  -0.0351685727   0.0081590311
        0.0015650055  -0.0001439294   0.0002430644  -0.0002263888   0.0173795724
       -0.0037948677   0.0003093819  -0.0709919603   0.0292115291  -0.1130326734
        0.0086146646   0.0392205185  -0.0453824341   0.0855793724   0.0685790825
       -0.1688201103  -0.0009222725   0.0002322546  -0.0004008499  -0.0000823471
        0.0002338937   0.0005079669   0.0000702239  -0.0001497237   0.0002269336
        0.0000191757  -0.0002590078   0.0002447902  -0.0000481489  -0.0001090628
        0.0003811857  -0.0000324972  -0.0002121801   0.0000244344  -0.0000051733
        0.0001366505   0.0000595277  -0.0001104537  -0.0000063389  -0.0003151005
       -0.0000337506   0.0002574707  -0.0003378339   0.0000403693   0.0002521106
       -0.0001820859   0.0000641709  -0.0021482338  -0.0007981105   0.0186676620
       -0.0049651824   0.0038401813  -0.0015562958   0.0074933091  -0.0038751745
       -0.0005767952  -0.0058280596   0.0041561331
       -0.0893718276  -0.0243743788   0.0153574567   0.0014812162   0.0003353561
       -0.0003885056   0.4711547677  -0.0125938885   0.0014232537  -0.0729781359
        0.0295577593   0.0114139780  -0.0174071106   0.0121116565   0.0124509614
       -0.0291465562  -0.0165821680   0.0201082872  -0.1705927101   0.0147942675
       -0.0265828177  -0.0023365375  -0.0063755366  -0.0007693448  -0.0292421981
       -0.0018617204   0.0016008116  -0.0144290912   0.0058864865  -0.0121252975
        0.0006800431  -0.0025461908   0.0028247240  -0.0009747080   0.0007789312
       -0.0012918450  -0.0438769789  -0.0003777373  -0.0300931768  -0.0043179994
        0.0111672735   0.0040333105   0.0066976624  -0.0125007208  -0.0052842699
       -0.0006825631   0.0000968268   0.0005185941  -0.0033246043  -0.0015929256
        0.0030301769  -0.0055673071   0.0019450981   0.0013482796   0.0013318117
       -0.0006659347   0.0008286067   0.0009877926   0.0001678632   0.0001290791
        0.0003968631   0.0008905430   0.0001700690   0.0008321278   0.0006206885
        0.0015671938   0.0008328081   0.0010602711  -0.0009782328   0.0001855224
       -0.0004092738   0.0011119188  -0.0005686491   0.0003071439  -0.0004213591
        0.0002363621   0.0001603101   0.0000181482
       -0.0456215131  -0.1205802322   0.0226102727   0.0010672875   0.0030618432
        0.0062117642  -0.0125938885   0.3964914314   0.0080165774   0.0383691614
       -0.1322756047  -0.0327022853   0.0099409372   0.0029443446  -0.0056861482
       -0.0053299248   0.0036465178   0.0008124809   0.0102658750  -0.0581478262
        0.0049247270  -0.0136746691  -0.0265621781   0.0097537116  -0.0090080441
        0.0025789483  -0.0017433836   0.0143244693  -0.0020318047   0.0034644020
       -0.0026953889   0.0051684246   0.0043810824   0.0001536174  -0.0004077372
       -0.0000091394  -0.0015331157  -0.0353132573   0.0006126875   0.0108834189
       -0.0190637872  -0.0079852206   0.0052702543  -0.0113522282  -0.0074468429
       -0.0001845085  -0.0000532754   0.0002955600  -0.0003966662  -0.0004938887
       -0.0008450504   0.0005157550  -0.0011439974  -0.0009410522   0.0017275694
        0.0000889238   0.0000257047  -0.0008146173  -0.0046731410  -0.0027207667
       -0.0007588965   0.0002079218   0.0004333666   0.0012996389   0.0024113654
        0.0017081366  -0.0007464141  -0.0017310508  -0.0016254831   0.0002114897
       -0.0013146199  -0.0005876957  -0.0006527712  -0.0000160435  -0.0000757267
       -0.0000190562  -0.0014390486  -0.0008816788
        0.0406333788   0.0382727724  -0.0836239797  -0.0037736976   0.0065550490
       -0.0026579998   0.0014232537   0.0080165774   0.4984848515   0.0201388087
       -0.0403499003  -0.0823289385   0.0151995011  -0.0105196416  -0.0075957056
        0.0042518124   0.0013239736  -0.0047126426  -0.0341578718   0.0057705343
       -0.0716533834  -0.0119274815  -0.0128626465   0.0015273362   0.0139842984
       -0.0015401799   0.0027554519  -0.0229070279   0.0030632316  -0.0045646047
        0.0027375275   0.0044169218   0.0005053251   0.0005539233   0.0000441204
       -0.0006013766  -0.0276165283   0.0075551754  -0.2395371580  -0.0072061750
        0.0141499488   0.0049107237   0.0059589304  -0.0144387461  -0.0076049116
        0.0004533351   0.0003108839  -0.0009392488   0.0017284767   0.0006458451
       -0.0016696123   0.0024295536  -0.0006070370  -0.0002673955  -0.0021524708
        0.0000882441   0.0007567984  -0.0005103555  -0.0034724783  -0.0014697181
        0.0001733276   0.0001325018   0.0008293740  -0.0018353351  -0.0039446516
        0.0008660839   0.0016641920  -0.0011012204  -0.0003514367  -0.0003945644
       -0.0007062829  -0.0004952952   0.0010169975   0.0000384827   0.0000572890
        0.0001341911  -0.0008414776  -0.0006198268
        0.0047362775  -0.0042996524  -0.0030983317  -0.0006044712  -0.0011449644
       -0.0008952824  -0.0729781359   0.0383691614   0.0201388087   0.4640761490
        0.0363118045   0.0470350164  -0.1435657070  -0.0333819920   0.0563022788
       -0.0148218821  -0.0180597667   0.0045822526  -0.0176246092   0.0215315059
        0.0076286520  -0.0015330566  -0.0012115929   0.0013259212  -0.0003107377
        0.0008015976  -0.0007665983  -0.0007172389  -0.0003196899   0.0012768989
       -0.0001950739  -0.0013237909  -0.0008248069  -0.0000169488   0.0000417660
        0.0000322573   0.0018630663   0.0018546552  -0.0001519706  -0.0672392928
        0.0410033372  -0.0570272995  -0.1320352222  -0.0704214882  -0.0870747183
        0.0031174681  -0.0003589124  -0.0008044331  -0.0204186859  -0.0072860240
        0.0130138692  -0.0011432359  -0.0025893956  -0.0011960514  -0.0000956113
        0.0002638944   0.0000560353  -0.0002895919  -0.0006517330  -0.0003114923
       -0.0001410009   0.0001436499   0.0000845597  -0.0000876162   0.0000891670
       -0.0000104895   0.0000903119   0.0003853014   0.0002626048  -0.0000277910
        0.0002225997   0.0001935726  -0.0000275398  -0.0001347002  -0.0000003891
       -0.0000098238   0.0001652624   0.0002291356
       -0.0030010328  -0.0348217312  -0.0079662472   0.0002011493   0.0002746609
        0.0000085867   0.0295577593  -0.1322756047  -0.0403499003   0.0363118045
        0.5015711330  -0.0125265434  -0.0355516981  -0.0757194908   0.0273586614
       -0.0189300675  -0.0192631591   0.0084174220   0.0128023554  -0.0060047863
       -0.0001439032  -0.0023298157  -0.0036628828   0.0036801621  -0.0018661177
       -0.0009105102   0.0003588868  -0.0005085398   0.0005789658  -0.0010512247
        0.0005473238   0.0002221317   0.0004647289  -0.0002255018   0.0000570137
       -0.0000367673   0.0037248139  -0.0060574945  -0.0046489760   0.0423653425
       -0.1206489910   0.0967101219  -0.0706234601  -0.1010909324  -0.0660561638
       -0.0058672480  -0.0025594096   0.0059878483   0.0137391778   0.0059110237
       -0.0081155402  -0.0003970859  -0.0047310978  -0.0022061906   0.0002155577
        0.0002759822   0.0005009237  -0.0001946987  -0.0014282799  -0.0010602016
       -0.0000295457   0.0002612373   0.0000662154   0.0001466798   0.0004552263
        0.0005436722  -0.0000368194  -0.0001556978  -0.0000188324   0.0000627217
       -0.0002150093   0.0000543457  -0.0000516970   0.0000377771   0.0000777137
       -0.0000613573  -0.0001000742  -0.0000487982
       -0.0040525608   0.0012872507   0.0047477007   0.0004946764   0.0001736237
       -0.0001373329   0.0114139780  -0.0327022853  -0.0823289385   0.0470350164
       -0.0125265434   0.4888276135   0.0546032693   0.0246914188  -0.1056638708
       -0.0027838890  -0.0004576299   0.0070519372   0.0014365084   0.0032741583
        0.0046608808   0.0008339903   0.0002145358  -0.0000135333  -0.0003505865
        0.0001051504   0.0004439688  -0.0013034512  -0.0001099477  -0.0012395263
       -0.0002890348  -0.0001592179  -0.0001535421  -0.0001429345  -0.0003701098
        0.0001374989   0.0105093902  -0.0247560677  -0.0151702702  -0.0575167587
        0.0961247309  -0.1616719036  -0.0852490963  -0.0658624187  -0.1197636669
        0.0227038541   0.0114713432  -0.0191200112   0.0022948933   0.0006718299
       -0.0007613809   0.0003433169  -0.0014623706   0.0001133127  -0.0001369953
       -0.0002930502   0.0002849349   0.0001126996   0.0001844644   0.0000340828
       -0.0000577336   0.0000471860  -0.0002811889  -0.0000009505   0.0001858609
       -0.0000456462   0.0001248140   0.0001875094   0.0000982334  -0.0000255478
        0.0000420985  -0.0000798168  -0.0000066306   0.0000763385   0.0000390552
        0.0000097628  -0.0000378583  -0.0000085903
       -0.0028899025   0.0216158838   0.0145265143   0.0000527318  -0.0002066375
       -0.0001514680  -0.0174071106   0.0099409372   0.0151995011  -0.1435657070
       -0.0355516981   0.0546032693   0.4944907184  -0.0571126154   0.0039495958
       -0.0677573578  -0.0330146599  -0.0181019550  -0.0002190119   0.0020234566
        0.0012469592  -0.0048930209   0.0014392344   0.0015069210  -0.0004365725
       -0.0001946029  -0.0000373874  -0.0000001012  -0.0000969635  -0.0000956808
        0.0001562006  -0.0002968804  -0.0001027649   0.0000127336   0.0000673916
       -0.0001906397  -0.0009856765   0.0005803139   0.0005835527   0.0041657231
        0.0020243192  -0.0007185681  -0.0185841960  -0.0088781425   0.0113263007
       -0.0621474289   0.0115405199  -0.0595239530  -0.1742057788   0.1124946151
       -0.0110383969  -0.0025343426  -0.0147992586  -0.0055995182  -0.0028342206
       -0.0129345992  -0.0079799152  -0.0000720496  -0.0002307930  -0.0001641890
       -0.0002037297   0.0014435718   0.0011225505  -0.0000826169   0.0000071733
        0.0000210171  -0.0000465129   0.0000719730  -0.0000678749  -0.0000400112
        0.0001228183  -0.0000656631  -0.0000104359  -0.0000322405  -0.0001360383
        0.0000376766  -0.0000231168  -0.0001121694
        0.0109752833  -0.0282343408  -0.0175345714   0.0000275017   0.0000705386
        0.0000428802   0.0121116565   0.0029443446  -0.0105196416  -0.0333819920
       -0.0757194908   0.0246914188  -0.0571126154   0.4880047594   0.0102261703
       -0.0281059821  -0.1683904616  -0.0510065657  -0.0006747899  -0.0014696719
       -0.0004969890   0.0044756062  -0.0018072935  -0.0001856938   0.0003711245
       -0.0001127239  -0.0000498288   0.0001481331  -0.0000911321   0.0001553062
       -0.0001013437   0.0000926512   0.0000477065  -0.0000462074   0.0001129542
        0.0001371305   0.0004942382  -0.0021257107  -0.0009283337  -0.0135661000
       -0.0055902183   0.0113720942  -0.0142229771  -0.0046093155   0.0082044944
        0.0114164940  -0.0479035381   0.0276339661   0.1128724132  -0.1352819037
        0.0081822337  -0.0051651699  -0.0185648637  -0.0070234186  -0.0008255711
       -0.0002304568  -0.0027456437   0.0001125086   0.0002691444   0.0002143640
        0.0000048015  -0.0011590058  -0.0008734731   0.0001319625   0.0001066100
        0.0005351694   0.0000094383  -0.0001871727  -0.0001333110   0.0000827581
        0.0000249789   0.0001044044  -0.0000185582  -0.0001211184  -0.0000552285
       -0.0000126129  -0.0000275630   0.0000053603
        0.0054574961  -0.0094051679  -0.0040842020  -0.0002220489   0.0002847290
       -0.0000260046   0.0124509614  -0.0056861482  -0.0075957056   0.0563022788
        0.0273586614  -0.1056638708   0.0039495958   0.0102261703   0.5185442171
       -0.0163079628  -0.0504236233  -0.0917764406   0.0002043556  -0.0007133043
       -0.0007183505   0.0021917378  -0.0006707367   0.0000490494   0.0000769337
        0.0002095852  -0.0000944097   0.0000343949  -0.0004147668  -0.0001200685
        0.0000072271   0.0000921076   0.0000007639   0.0001546802  -0.0001704709
       -0.0000357072   0.0004195395  -0.0013551321  -0.0007682371   0.0199986567
        0.0105681511  -0.0172430888  -0.0106929652  -0.0037851103   0.0072212065
       -0.0600561098   0.0274278598  -0.2428523637  -0.0090289183   0.0065818758
       -0.0449553934   0.0028745215   0.0148093318   0.0063693136  -0.0077505903
       -0.0250271153  -0.0160008025   0.0000657817   0.0002438459  -0.0000575145
        0.0000240482  -0.0005087176  -0.0002617679  -0.0000176461   0.0002501565
        0.0002446976  -0.0000390572   0.0000648081   0.0000124425  -0.0000618399
        0.0000641497  -0.0000493821  -0.0000333940   0.0000305912  -0.0000302988
       -0.0000016763  -0.0000517300  -0.0001080822
       -0.1708040221   0.0359755496   0.0295436538   0.0002508226   0.0000202900
        0.0000960875  -0.0291465562  -0.0053299248   0.0042518124  -0.0148218821
       -0.0189300675  -0.0027838890  -0.0677573578  -0.0281059821  -0.0163079628
        0.4733234569   0.0623640586  -0.0042101177  -0.0023030821  -0.0023518682
        0.0022948718  -0.0038609652   0.0052962648  -0.0004214412  -0.0011813121
       -0.0000703546  -0.0001706871  -0.0000275170  -0.0002340414   0.0004225908
       -0.0002733826  -0.0001345127   0.0002825584   0.0000198662   0.0000895231
       -0.0002302786   0.0014196795   0.0007593410  -0.0019129153  -0.0002390930
        0.0000191673  -0.0001930409  -0.0037789630  -0.0019344999   0.0022219240
       -0.0030194257  -0.0096976164  -0.0065704327   0.0047637235   0.0203624984
        0.0079417750  -0.0978907402  -0.0654036822   0.0701035714  -0.0880072991
        0.0105824219  -0.0803408544   0.0005984087  -0.0007341924  -0.0002504086
        0.0007636931  -0.0002513729  -0.0004295715   0.0021747517  -0.0025877783
       -0.0024555580  -0.0000377967   0.0000432186  -0.0002001160  -0.0002467981
        0.0001910055  -0.0004723189  -0.0000252341   0.0000700012  -0.0001286602
        0.0001070249  -0.0000074467  -0.0000805920
        0.0451754280  -0.0885317836  -0.0132071277   0.0000886400   0.0001282263
        0.0000951098  -0.0165821680   0.0036465178   0.0013239736  -0.0180597667
       -0.0192631591  -0.0004576299  -0.0330146599  -0.1683904616  -0.0504236233
        0.0623640586   0.4762823169  -0.0308907225  -0.0022480554  -0.0032012134
        0.0008777726   0.0250249687  -0.0153433419  -0.0061075254  -0.0007928051
        0.0000710397  -0.0002303487   0.0000341261  -0.0001603974   0.0000112160
       -0.0001814554   0.0002575585   0.0001244645  -0.0000228496   0.0001481709
        0.0001273509  -0.0008865117  -0.0005137205   0.0007750263  -0.0006800182
       -0.0002628643   0.0003339064  -0.0019460820  -0.0017304214   0.0013287742
       -0.0014076224   0.0004808568  -0.0017596080  -0.0036549643  -0.0184943359
       -0.0079963832  -0.0643996517  -0.1166910603   0.0848955320   0.0090670575
       -0.0451783352   0.0240057069   0.0011128619   0.0001840384  -0.0004431933
        0.0011974870  -0.0046832927  -0.0038658485  -0.0002361304   0.0011019109
        0.0013744769  -0.0000214442  -0.0000437456  -0.0000448118   0.0002064018
        0.0000393999   0.0001646553  -0.0001058876   0.0000401015  -0.0000066733
       -0.0000309569   0.0001079953  -0.0000044695
        0.0009452836  -0.0005748942  -0.0580225639  -0.0002742666   0.0000070662
       -0.0001667562   0.0201082872   0.0008124809  -0.0047126426   0.0045822526
        0.0084174220   0.0070519372  -0.0181019550  -0.0510065657  -0.0917764406
       -0.0042101177  -0.0308907225   0.5056011988   0.0000175272   0.0008446020
       -0.0009726726   0.0183235799  -0.0112177750  -0.0092161734   0.0004841228
       -0.0000235534   0.0000017230  -0.0004280228  -0.0002867897   0.0001556396
        0.0000713910   0.0000291224   0.0000435156   0.0000801876   0.0000245897
        0.0002516987   0.0009345266   0.0013236007  -0.0005826295   0.0005780251
        0.0002124629  -0.0004458304   0.0022294485   0.0007235524  -0.0008262612
       -0.0094397259  -0.0265562820  -0.0156918520   0.0001958619   0.0003271594
        0.0003366290   0.0692299850   0.0833678101  -0.1343120584  -0.0880759247
        0.0281294699  -0.1967244299  -0.0000984214   0.0008177395   0.0009247628
        0.0005234900  -0.0033523908  -0.0017599053   0.0023041019  -0.0012873816
        0.0006609632   0.0000991327   0.0000342432   0.0000044822  -0.0001137773
        0.0000900405  -0.0000042995   0.0000440442   0.0000044990   0.0000860199
       -0.0000090363   0.0000304943   0.0000959454
       -0.0256656167  -0.0077278259   0.0038832868  -0.0212197073   0.0209387823
       -0.0351685727  -0.1705927101   0.0102658750  -0.0341578718  -0.0176246092
        0.0128023554   0.0014365084  -0.0002190119  -0.0006747899   0.0002043556
       -0.0023030821  -0.0022480554   0.0000175272   0.6046948106   0.0161788798
       -0.0034902781  -0.0004077121   0.0004736561   0.0001457977  -0.2020461143
       -0.0847502301   0.1271202455  -0.1040214780   0.0483777563  -0.0793722999
       -0.0566781375  -0.0037296734   0.0037428421   0.0011391665  -0.0078340098
        0.0132708675  -0.0110716716   0.0039638024  -0.0069724269  -0.0004138804
        0.0006283452   0.0001235273   0.0006590552  -0.0009669996  -0.0003788295
        0.0000930508  -0.0000391593  -0.0000641639  -0.0000039098   0.0000287128
       -0.0001027140  -0.0003112761   0.0004227156  -0.0000368062  -0.0001035650
        0.0000652732  -0.0002008615   0.0003861848   0.0003477631   0.0000101590
        0.0003002024  -0.0000388039   0.0002954069  -0.0001795351   0.0002933403
       -0.0001574064   0.0053300998   0.0020722986  -0.0033481071   0.0045449868
       -0.0091535695   0.0145155601  -0.0053612298   0.0005484982  -0.0016655930
        0.0010756900  -0.0002449374   0.0003498469
       -0.0217953179   0.0019663834  -0.0024711186   0.0559874187   0.0129272382
        0.0081590311   0.0147942675  -0.0581478262   0.0057705343   0.0215315059
       -0.0060047863   0.0032741583   0.0020234566  -0.0014696719  -0.0007133043
       -0.0023518682  -0.0032012134   0.0008446020   0.0161788798   0.2889239696
       -0.2316032431  -0.0015117050  -0.0002725132   0.0002198456  -0.0457664922
       -0.0977110679   0.0764728009   0.0083276837  -0.1198168248   0.1103109330
       -0.0322375269   0.0116283372  -0.0245125031  -0.0118737063  -0.0253264136
        0.0253427714   0.0022610097   0.0012956372   0.0015338542   0.0015868788
       -0.0025332041  -0.0008123656   0.0007385401   0.0003954642   0.0001083175
        0.0000452184  -0.0000990378  -0.0000097601   0.0005255913   0.0001656828
       -0.0003472326  -0.0009236002   0.0004378205   0.0002387728  -0.0000867605
        0.0001960749   0.0000068328   0.0000283723  -0.0001261227  -0.0001577881
       -0.0000636677  -0.0000500362  -0.0001269961  -0.0000131720   0.0000175401
       -0.0000204435  -0.0093915542  -0.0050071115   0.0126346370   0.0011811819
       -0.0049040027   0.0120360953   0.0010449200   0.0067330941   0.0035363708
       -0.0002395534  -0.0000174099   0.0002851981
        0.0089307571  -0.0019202549   0.0040806141  -0.0918318329   0.0056798312
        0.0015650055  -0.0265828177   0.0049247270  -0.0716533834   0.0076286520
       -0.0001439032   0.0046608808   0.0012469592  -0.0004969890  -0.0007183505
        0.0022948718   0.0008777726  -0.0009726726  -0.0034902781  -0.2316032431
        0.5140188578   0.0003123097   0.0001128734   0.0003503109   0.0638829284
        0.0739721896  -0.1649671120  -0.0151708500   0.1126199666  -0.2313048531
        0.0489827263  -0.0230107027   0.0371787439   0.0193764271   0.0257580912
       -0.0495013182  -0.0298318144   0.0054124261  -0.0128089445   0.0007794798
       -0.0009494455   0.0000660649   0.0009057703  -0.0003134274   0.0006804247
        0.0001929899   0.0000806082   0.0000060761   0.0003387178   0.0001155418
       -0.0001717489   0.0005628008  -0.0001819226   0.0000161248   0.0002781962
       -0.0000272017   0.0000618755   0.0000341989   0.0000606940   0.0001753268
        0.0000233429  -0.0002778390  -0.0000104791   0.0000498578   0.0003254548
       -0.0000017652   0.0151088115   0.0130141199  -0.0175761308  -0.0020768503
        0.0121082517  -0.0160810740  -0.0024233064   0.0034970809   0.0031250583
        0.0004779523   0.0003653005  -0.0002175319
       -0.0725520288  -0.0179860522  -0.0024584661  -0.0000676282   0.0000841114
       -0.0001439294  -0.0023365375  -0.0136746691  -0.0119274815  -0.0015330566
       -0.0023298157   0.0008339903  -0.0048930209   0.0044756062   0.0021917378
       -0.0038609652   0.0250249687   0.0183235799  -0.0004077121  -0.0015117050
        0.0003123097   0.5083142550  -0.0056200524  -0.0166224691  -0.0003712041
        0.0000265477  -0.0000778361  -0.0001590487   0.0000185381   0.0003314709
       -0.0000233770   0.0000361748   0.0000422427  -0.0000735776  -0.0000862664
       -0.0001052850   0.0008766129   0.0005233538   0.0002479484   0.0001037630
       -0.0002557869  -0.0001067606   0.0001769846  -0.0004555857  -0.0002118270
        0.0000919753   0.0000019002   0.0000750199   0.0002037390   0.0015281784
        0.0006399806  -0.0002131859   0.0007480339   0.0004537501   0.0007118933
        0.0008753784   0.0017358677  -0.1127649364  -0.0848032987   0.0538686258
       -0.2334627320   0.0714297305   0.0263627718  -0.0777595585   0.0218790287
       -0.0732047649   0.0000056625   0.0000182929  -0.0001082590   0.0000225417
        0.0000057104  -0.0002243147  -0.0000636781   0.0000319708  -0.0001099079
        0.0000348204   0.0000157073  -0.0001179944
       -0.0049156860  -0.1437983406  -0.0562005337   0.0003188948   0.0001664793
        0.0002430644  -0.0063755366  -0.0265621781  -0.0128626465  -0.0012115929
       -0.0036628828   0.0002145358   0.0014392344  -0.0018072935  -0.0006707367
        0.0052962648  -0.0153433419  -0.0112177750   0.0004736561  -0.0002725132
        0.0001128734  -0.0056200524   0.4742273323  -0.0322224874  -0.0000409069
        0.0000338602   0.0000928011   0.0001540972  -0.0000869219   0.0000602620
        0.0000327894  -0.0000496627   0.0000703800  -0.0000420705   0.0001267631
       -0.0001586118   0.0009759530   0.0011924815  -0.0023593040   0.0000750877
       -0.0006893901  -0.0003673014   0.0003539813  -0.0008257965  -0.0004201681
        0.0000072301  -0.0002174690  -0.0001616954  -0.0002364221  -0.0005824680
       -0.0005097940  -0.0006080986   0.0004961978   0.0003117449  -0.0020092536
        0.0010664545  -0.0005774259  -0.0866415228  -0.1533339928   0.0698943224
        0.0736104194  -0.0722404693  -0.0094679273   0.0251892494  -0.0581272843
        0.0565799622  -0.0000747517  -0.0000390121  -0.0000878575  -0.0002433382
        0.0002107774  -0.0002446439   0.0000287386   0.0000194785  -0.0000742868
        0.0000636361   0.0000991920   0.0000232493
        0.0055951948  -0.0881355772  -0.1184733932   0.0000902839  -0.0004090730
       -0.0002263888  -0.0007693448   0.0097537116   0.0015273362   0.0013259212
        0.0036801621  -0.0000135333   0.0015069210  -0.0001856938   0.0000490494
       -0.0004214412  -0.0061075254  -0.0092161734   0.0001457977   0.0002198456
        0.0003503109  -0.0166224691  -0.0322224874   0.4539672589   0.0000035367
       -0.0002094989   0.0000859878  -0.0001725131   0.0001805612   0.0004113986
       -0.0000436418  -0.0000795306   0.0000808552  -0.0000049968   0.0003146308
        0.0001353376   0.0021184534   0.0031869583   0.0025590530  -0.0001725728
        0.0005603100  -0.0001598556  -0.0001135442   0.0003225524   0.0001399095
        0.0001011730  -0.0002380210  -0.0000507997  -0.0002783409  -0.0003972440
       -0.0001289620   0.0004949344  -0.0005526908   0.0000280842  -0.0016677386
        0.0021751991   0.0027930643   0.0530415924   0.0685447202  -0.0870776078
        0.0274183541  -0.0086954923  -0.0484777092  -0.0714085937   0.0480624776
       -0.1978278007   0.0000245275   0.0001054877  -0.0000647641  -0.0003292837
        0.0000314701  -0.0004875101   0.0000756699   0.0000535902   0.0000108843
        0.0000621204   0.0000411574   0.0000659681
       -0.0044488852   0.0005203934  -0.0000959379  -0.0664849093  -0.0128127860
        0.0173795724  -0.0292421981  -0.0090080441   0.0139842984  -0.0003107377
       -0.0018661177  -0.0003505865  -0.0004365725   0.0003711245   0.0000769337
       -0.0011813121  -0.0007928051   0.0004841228  -0.2020461143  -0.0457664922
        0.0638829284  -0.0003712041  -0.0000409069   0.0000035367   0.6401953569
        0.0112004685   0.0095049905   0.0548293888  -0.0290338668   0.0497095970
       -0.3073398836   0.0033938043  -0.0174233879  -0.0005774776   0.0516602734
       -0.0830350075   0.0003944574  -0.0006273368   0.0019818637   0.0000647268
        0.0000156101   0.0001038791   0.0001369883   0.0001700035   0.0001071477
       -0.0000851509   0.0000475497   0.0000784582  -0.0000967322  -0.0001188516
        0.0001124109  -0.0003586497   0.0001136278   0.0000926041   0.0001194350
       -0.0000134278   0.0000415384  -0.0000065370  -0.0001099428  -0.0000833034
        0.0001069033  -0.0001349217  -0.0000968757   0.0001278731  -0.0000277931
        0.0000361824  -0.0599624043   0.0302894761  -0.0503481596  -0.0001553410
        0.0008947074  -0.0017391849  -0.0234653229   0.0011766635  -0.0031642208
        0.0005943027   0.0004995902  -0.0012434002
        0.0001488368  -0.0000665723   0.0003253815  -0.0123704277  -0.0048712489
       -0.0037948677  -0.0018617204   0.0025789483  -0.0015401799   0.0008015976
       -0.0009105102   0.0001051504  -0.0001946029  -0.0001127239   0.0002095852
       -0.0000703546   0.0000710397  -0.0000235534  -0.0847502301  -0.0977110679
        0.0739721896   0.0000265477   0.0000338602  -0.0002094989   0.0112004685
        0.2718323228  -0.2414943113   0.0017718687  -0.0160080803   0.0283765907
        0.0444085172  -0.0648379637   0.0287809964   0.0185771334   0.0018007798
        0.0005445147   0.0012651369   0.0004319610   0.0002080681   0.0001626481
       -0.0001139087   0.0001231235   0.0000729324   0.0001386615   0.0001000733
       -0.0000334844  -0.0000817248   0.0000729352   0.0000227611  -0.0001136104
        0.0000447399   0.0000863134  -0.0000394083  -0.0000269986   0.0000913157
       -0.0000669598   0.0000589581   0.0000631234  -0.0000171518  -0.0000003814
        0.0000243550  -0.0001007433  -0.0000793927   0.0001086220   0.0000198202
        0.0000719796   0.0298967008  -0.1016970133   0.1041542605   0.0007176123
        0.0042173462   0.0058278222  -0.0110857519   0.0014939013  -0.0019087107
        0.0009200809   0.0041300465   0.0061015256
       -0.0019283397  -0.0004434695   0.0002932556   0.0162562686  -0.0039118418
        0.0003093819   0.0016008116  -0.0017433836   0.0027554519  -0.0007665983
        0.0003588868   0.0004439688  -0.0000373874  -0.0000498288  -0.0000944097
       -0.0001706871  -0.0002303487   0.0000017230   0.1271202455   0.0764728009
       -0.1649671120  -0.0000778361   0.0000928011   0.0000859878   0.0095049905
       -0.2414943113   0.5070975578   0.0002158421   0.0266283002  -0.0412742247
       -0.0833438443   0.0265665853  -0.0948568133  -0.0298884697   0.0027273920
       -0.0041387423  -0.0020525775  -0.0004364617   0.0006735599  -0.0002856201
        0.0001843505  -0.0000952648   0.0001766247  -0.0001383961   0.0000949881
        0.0000239109   0.0000024113  -0.0001394455  -0.0001092797   0.0000520145
       -0.0000289071  -0.0001608475   0.0000295961  -0.0000391297  -0.0001094295
        0.0000809710  -0.0001730521  -0.0000529877  -0.0000011959  -0.0000744785
        0.0000499772   0.0002203643   0.0000499523  -0.0000212231   0.0000607687
       -0.0001490719  -0.0492078506   0.1044624837  -0.2056742887  -0.0014821322
        0.0058069088  -0.0018096551   0.0165969106  -0.0013648001   0.0035585650
       -0.0018504711   0.0060674021  -0.0018497968
        0.0000662992   0.0002263737  -0.0006564399  -0.2535256478   0.0383641474
       -0.0709919603  -0.0144290912   0.0143244693  -0.0229070279  -0.0007172389
       -0.0005085398  -0.0013034512  -0.0000001012   0.0001481331   0.0000343949
       -0.0000275170   0.0000341261  -0.0004280228  -0.1040214780   0.0083276837
       -0.0151708500  -0.0001590487   0.0001540972  -0.0001725131   0.0548293888
        0.0017718687   0.0002158421   0.5761598112   0.0224922862  -0.0188992868
       -0.0319508527   0.0209527120  -0.0352175347  -0.0800457587  -0.0385512405
        0.0578360937  -0.0045213980   0.0005002407  -0.0018598775  -0.0004301525
        0.0003939969   0.0003456540   0.0001478749  -0.0001158245   0.0001190695
        0.0000162451   0.0000737290   0.0001421038   0.0000483918  -0.0002045593
        0.0002447163   0.0001138627  -0.0000781612   0.0001158802  -0.0000367087
       -0.0000067810   0.0004164095   0.0000094542  -0.0000528706   0.0000657396
        0.0000430424  -0.0000666398  -0.0000657003  -0.0000172748  -0.0001273970
        0.0002581965  -0.0024962391  -0.0026433094   0.0036812058  -0.1351742635
       -0.0637663616   0.1023066552   0.0002750293   0.0007995277  -0.0013487478
       -0.0041566287  -0.0024417069   0.0032394514
       -0.0004754848  -0.0004406383   0.0005812726   0.0120037372  -0.0800371812
        0.0292115291   0.0058864865  -0.0020318047   0.0030632316  -0.0003196899
        0.0005789658  -0.0001099477  -0.0000969635  -0.0000911321  -0.0004147668
       -0.0002340414  -0.0001603974  -0.0002867897   0.0483777563  -0.1198168248
        0.1126199666   0.0000185381  -0.0000869219   0.0001805612  -0.0290338668
       -0.0160080803   0.0266283002   0.0224922862   0.2844942786  -0.2404928600
        0.0164141602  -0.0137121830   0.0094695498  -0.0069035539   0.0171511844
       -0.0216156475  -0.0007671991   0.0003256372  -0.0001140126  -0.0000785290
       -0.0002576249  -0.0001500371   0.0000787627   0.0000709120  -0.0003300406
       -0.0002315077   0.0001698062   0.0001450653  -0.0000867900  -0.0001362428
       -0.0001255715  -0.0000496612  -0.0002150693   0.0001758961  -0.0000190181
       -0.0003336274   0.0001050548   0.0001281809  -0.0002712490   0.0003519289
        0.0001653247  -0.0000554202   0.0001381839   0.0002280418  -0.0004380798
        0.0003159679  -0.0021954947   0.0055815920   0.0049937935  -0.0630707833
       -0.0804363881   0.0705837885   0.0002220080  -0.0000687356  -0.0005308477
       -0.0024526991   0.0062252246   0.0056064315
        0.0001627967   0.0015706957  -0.0023501332  -0.0273855852   0.0306769559
       -0.1130326734  -0.0121252975   0.0034644020  -0.0045646047   0.0012768989
       -0.0010512247  -0.0012395263  -0.0000956808   0.0001553062  -0.0001200685
        0.0004225908   0.0000112160   0.0001556396  -0.0793722999   0.1103109330
       -0.2313048531   0.0003314709   0.0000602620   0.0004113986   0.0497095970
        0.0283765907  -0.0412742247  -0.0188992868  -0.2404928600   0.5250860309
       -0.0278344321   0.0095489132  -0.0255948517   0.0070149649  -0.0235067205
        0.0420464504  -0.0002533775  -0.0000810580  -0.0003416015  -0.0001859040
        0.0002299208  -0.0002325535  -0.0000673636  -0.0000270523   0.0000747475
       -0.0000354503  -0.0000019733  -0.0005179126  -0.0000757556   0.0000724196
       -0.0004482464   0.0001462596   0.0001779477  -0.0002732015  -0.0000254075
       -0.0000323082  -0.0003874745   0.0003008351   0.0001697231  -0.0000928646
       -0.0001976934  -0.0002875344   0.0003014134  -0.0000297023  -0.0000287401
       -0.0002459516   0.0029950153   0.0052163613   0.0010391416   0.1012669199
        0.0702412437  -0.1484625968  -0.0003422179  -0.0004405939   0.0004057687
        0.0032981054   0.0056671746   0.0009627479
       -0.0011119489   0.0003195200  -0.0000982560   0.0484902957  -0.0043240780
        0.0086146646   0.0006800431  -0.0026953889   0.0027375275  -0.0001950739
        0.0005473238  -0.0002890348   0.0001562006  -0.0001013437   0.0000072271
       -0.0002733826  -0.0001814554   0.0000713910  -0.0566781375  -0.0322375269
        0.0489827263  -0.0000233770   0.0000327894  -0.0000436418  -0.3073398836
        0.0444085172  -0.0833438443  -0.0319508527   0.0164141602  -0.0278344321
        0.6465572332   0.0241043606  -0.0117666163  -0.1079470373   0.0055868953
       -0.0115586401   0.0003553990   0.0000496413  -0.0001629053  -0.0001135268
       -0.0000042095  -0.0000049944  -0.0001067655  -0.0000941284   0.0000706158
        0.0000546882  -0.0000351750  -0.0001167611   0.0000238457   0.0000059096
       -0.0000533426  -0.0000335694   0.0000564529   0.0000097328  -0.0000401264
        0.0000454198   0.0000326735   0.0000643270   0.0000533171  -0.0000319451
       -0.0000871388   0.0000569997   0.0001192642  -0.0000800376   0.0000069747
        0.0000028739  -0.0095761010   0.0026367875  -0.0047788646   0.0004518029
        0.0003415223  -0.0007486444  -0.1708182214  -0.0691757679   0.1035541727
       -0.0104586548   0.0141824825  -0.0233709465
        0.0005997850  -0.0000290868  -0.0000044984  -0.0398597808  -0.0086341512
        0.0392205185  -0.0025461908   0.0051684246   0.0044169218  -0.0013237909
        0.0002221317  -0.0001592179  -0.0002968804   0.0000926512   0.0000921076
       -0.0001345127   0.0002575585   0.0000291224  -0.0037296734   0.0116283372
       -0.0230107027   0.0000361748  -0.0000496627  -0.0000795306   0.0033938043
       -0.0648379637   0.0265665853   0.0209527120  -0.0137121830   0.0095489132
        0.0241043606   0.2658023338  -0.2413160887   0.0488868845  -0.1201392669
        0.1117697679   0.0003675278  -0.0003474519   0.0006483401  -0.0001057280
        0.0001672011   0.0000718206   0.0000133292   0.0000108304  -0.0000716044
        0.0000039103   0.0000494327   0.0000036860   0.0000119760   0.0000097278
        0.0000158901   0.0000654045   0.0000873316  -0.0000203505   0.0000606193
       -0.0000036861   0.0000333914  -0.0000709535   0.0000487967   0.0000524313
       -0.0000947309  -0.0000546730  -0.0000025261   0.0000015332  -0.0000084302
        0.0000785242   0.0153490620  -0.0006990176   0.0063115912   0.0003386275
        0.0002643086  -0.0002072984  -0.0686263442  -0.0743919432   0.0603730595
        0.0026028744  -0.0009015497   0.0056391465
        0.0010401591   0.0001304966   0.0000015656   0.0660146037   0.0409919049
       -0.0453824341   0.0028247240   0.0043810824   0.0005053251  -0.0008248069
        0.0004647289  -0.0001535421  -0.0001027649   0.0000477065   0.0000007639
        0.0002825584   0.0001244645   0.0000435156   0.0037428421  -0.0245125031
        0.0371787439   0.0000422427   0.0000703800   0.0000808552  -0.0174233879
        0.0287809964  -0.0948568133  -0.0352175347   0.0094695498  -0.0255948517
       -0.0117666163  -0.2413160887   0.4988394231  -0.0811610876   0.1093292783
       -0.2305013135   0.0003635448  -0.0000222672   0.0001297477  -0.0001520375
        0.0001327613   0.0000311228  -0.0000266392  -0.0000699239  -0.0000145472
        0.0000798600  -0.0000012539  -0.0000261546  -0.0000700048   0.0000217346
        0.0000628647   0.0000588365  -0.0000249505   0.0000574571  -0.0000388147
        0.0000230091  -0.0000268974  -0.0000480504  -0.0000136383   0.0000468272
       -0.0000498881   0.0000699945   0.0000460423  -0.0000263985   0.0000013136
       -0.0000520519  -0.0250339340   0.0055450554  -0.0075493941  -0.0005124083
       -0.0001796925   0.0003624665   0.1027684211   0.0603575922  -0.1256623914
       -0.0047634187   0.0061982691  -0.0075663291
        0.0001075928   0.0000948824  -0.0000948537  -0.1693434836  -0.0570388383
        0.0855793724  -0.0009747080   0.0001536174   0.0005539233  -0.0000169488
       -0.0002255018  -0.0001429345   0.0000127336  -0.0000462074   0.0001546802
        0.0000198662  -0.0000228496   0.0000801876   0.0011391665  -0.0118737063
        0.0193764271  -0.0000735776  -0.0000420705  -0.0000049968  -0.0005774776
        0.0185771334  -0.0298884697  -0.0800457587  -0.0069035539   0.0070149649
       -0.1079470373   0.0488868845  -0.0811610876   0.6263962279  -0.0169121683
        0.0519042702   0.0002806438  -0.0000816516   0.0002356109  -0.0001178924
       -0.0000769252   0.0001207906  -0.0001484884  -0.0000453817  -0.0000564971
        0.0000667203  -0.0001002032   0.0000265378   0.0000148470  -0.0001322244
        0.0001352361   0.0001553776  -0.0000642669   0.0001210450  -0.0000105727
       -0.0000720013   0.0001948566   0.0001475572   0.0000086695   0.0000794312
       -0.0000684365  -0.0000107960   0.0000222096  -0.0000065672  -0.0000763826
        0.0001289697  -0.0061734076   0.0010352613  -0.0024808955  -0.0075103495
        0.0004862488  -0.0016322543   0.0034014033  -0.0105560386   0.0170865821
       -0.2587274303   0.0350380701  -0.0673531061
       -0.0001390961   0.0000343319   0.0000569914  -0.0313306958  -0.1070663829
        0.0685790825   0.0007789312  -0.0004077372   0.0000441204   0.0000417660
        0.0000570137  -0.0003701098   0.0000673916   0.0001129542  -0.0001704709
        0.0000895231   0.0001481709   0.0000245897  -0.0078340098  -0.0253264136
        0.0257580912  -0.0000862664   0.0001267631   0.0003146308   0.0516602734
        0.0018007798   0.0027273920  -0.0385512405   0.0171511844  -0.0235067205
        0.0055868953  -0.1201392669   0.1093292783  -0.0169121683   0.2685768887
       -0.2125669520  -0.0000415868  -0.0001745189  -0.0002498615  -0.0000377089
        0.0000518736  -0.0002956858   0.0000929267  -0.0000245936  -0.0002618426
        0.0000902642   0.0002281074  -0.0002042926   0.0000251464   0.0002433484
       -0.0002421525  -0.0000373693   0.0002316252   0.0001120287  -0.0000730456
        0.0000099449  -0.0000323147  -0.0001501274   0.0000053366   0.0002822317
       -0.0001271066  -0.0000284373   0.0002823364  -0.0000814965  -0.0002261070
        0.0001222910   0.0002848601   0.0069674264   0.0032714507   0.0003344126
        0.0072429626   0.0039949301   0.0013236354  -0.0062620874   0.0090628249
        0.0350258920  -0.0433331672   0.0139381332
        0.0004247364  -0.0001334883   0.0001933879   0.0441968327   0.0673010329
       -0.1688201103  -0.0012918450  -0.0000091394  -0.0006013766   0.0000322573
       -0.0000367673   0.0001374989  -0.0001906397   0.0001371305  -0.0000357072
       -0.0002302786   0.0001273509   0.0002516987   0.0132708675   0.0253427714
       -0.0495013182  -0.0001052850  -0.0001586118   0.0001353376  -0.0830350075
        0.0005445147  -0.0041387423   0.0578360937  -0.0216156475   0.0420464504
       -0.0115586401   0.1117697679  -0.2305013135   0.0519042702  -0.2125669520
        0.4786688352  -0.0001319216  -0.0000460592   0.0003580898   0.0001279956
       -0.0001738664  -0.0000623907   0.0000694402   0.0001401946  -0.0001093555
        0.0000576346   0.0001777430   0.0000784848   0.0000824981   0.0000073311
        0.0000066456   0.0001213733   0.0000613365   0.0002028429   0.0001788131
       -0.0001220573   0.0001409485   0.0000129059  -0.0000364032   0.0002737872
        0.0000014790  -0.0002650125   0.0000352375   0.0000537620  -0.0001209191
        0.0002601509  -0.0012160679   0.0031678773   0.0035930285  -0.0012332408
        0.0041271698   0.0031291618  -0.0019193088   0.0084713823  -0.0142166453
       -0.0674587245   0.0139093211  -0.0615246265
       -0.0012991793  -0.0088119788   0.0202486134  -0.0013105895   0.0017453041
       -0.0009222725  -0.0438769789  -0.0015331157  -0.0276165283   0.0018630663
        0.0037248139   0.0105093902  -0.0009856765   0.0004942382   0.0004195395
        0.0014196795  -0.0008865117   0.0009345266  -0.0110716716   0.0022610097
       -0.0298318144   0.0008766129   0.0009759530   0.0021184534   0.0003944574
        0.0012651369  -0.0020525775  -0.0045213980  -0.0007671991  -0.0002533775
        0.0003553990   0.0003675278   0.0003635448   0.0002806438  -0.0000415868
       -0.0001319216   0.0583238979  -0.0004093324   0.0252187722   0.0009265911
        0.0005569828   0.0011949810  -0.0004465344   0.0007736604   0.0008958124
       -0.0001034821  -0.0000918922  -0.0000380666  -0.0001312484  -0.0000183255
        0.0000389862  -0.0001586297   0.0000871409  -0.0003415131   0.0000724502
        0.0002102171  -0.0007318474  -0.0000256528   0.0003846990   0.0000138574
       -0.0001158680   0.0003231079  -0.0002231621  -0.0001642406   0.0004858157
       -0.0008126673  -0.0003556184  -0.0007137376   0.0006473525  -0.0000680092
       -0.0002178624   0.0001955586   0.0001012996   0.0000113589   0.0001205898
        0.0000206797  -0.0001754239   0.0000357706
       -0.0078807630  -0.0131211979   0.0278415857   0.0004638490   0.0000503897
        0.0002322546  -0.0003777373  -0.0353132573   0.0075551754   0.0018546552
       -0.0060574945  -0.0247560677   0.0005803139  -0.0021257107  -0.0013551321
        0.0007593410  -0.0005137205   0.0013236007   0.0039638024   0.0012956372
        0.0054124261   0.0005233538   0.0011924815   0.0031869583  -0.0006273368
        0.0004319610  -0.0004364617   0.0005002407   0.0003256372  -0.0000810580
        0.0000496413  -0.0003474519  -0.0000222672  -0.0000816516  -0.0001745189
       -0.0000460592  -0.0004093324   0.0559458729  -0.0125239368   0.0001297416
       -0.0001255525  -0.0022378331   0.0013370587  -0.0024797460  -0.0021181097
        0.0001448233   0.0000017893  -0.0000924952   0.0001692913  -0.0000067654
       -0.0001634522  -0.0003878055   0.0001015672  -0.0000974172   0.0000490640
        0.0000444315  -0.0004487585   0.0002761038   0.0005689636  -0.0001714207
        0.0000854050  -0.0003372312   0.0001424694  -0.0006485062   0.0004624922
       -0.0012632283  -0.0003249994   0.0000913351   0.0001975578  -0.0001226775
        0.0000035329  -0.0001191414  -0.0000327880   0.0000325699   0.0000025720
        0.0000069126   0.0000539857   0.0000382391
        0.0107743362   0.0176721350  -0.0234583419  -0.0003596720   0.0007122747
       -0.0004008499  -0.0300931768   0.0006126875  -0.2395371580  -0.0001519706
       -0.0046489760  -0.0151702702   0.0005835527  -0.0009283337  -0.0007682371
       -0.0019129153   0.0007750263  -0.0005826295  -0.0069724269   0.0015338542
       -0.0128089445   0.0002479484  -0.0023593040   0.0025590530   0.0019818637
        0.0002080681   0.0006735599  -0.0018598775  -0.0001140126  -0.0003416015
       -0.0001629053   0.0006483401   0.0001297477   0.0002356109  -0.0002498615
        0.0003580898   0.0252187722  -0.0125239368   0.2857170729  -0.0002294527
        0.0004866774   0.0016257642   0.0012592813  -0.0013854716  -0.0009108462
       -0.0000433024   0.0000950787   0.0003373204   0.0001138553   0.0000793764
       -0.0000982066   0.0001903143  -0.0002587288   0.0002461489   0.0007639077
       -0.0001287706   0.0004450025  -0.0003432075  -0.0006159633   0.0002409873
       -0.0001526422   0.0001570523  -0.0001740332   0.0009218439   0.0013565020
        0.0010646903  -0.0002565975  -0.0006969843   0.0003672441   0.0001434411
       -0.0002006565   0.0004244625   0.0001035782  -0.0000559222   0.0000641956
       -0.0000001590  -0.0001701505  -0.0000022204
       -0.0013740857   0.0007213254   0.0006497670   0.0004404110  -0.0000383164
       -0.0000823471  -0.0043179994   0.0108834189  -0.0072061750  -0.0672392928
        0.0423653425  -0.0575167587   0.0041657231  -0.0135661000   0.0199986567
       -0.0002390930  -0.0006800182   0.0005780251  -0.0004138804   0.0015868788
        0.0007794798   0.0001037630   0.0000750877  -0.0001725728   0.0000647268
        0.0001626481  -0.0002856201  -0.0004301525  -0.0000785290  -0.0001859040
       -0.0001135268  -0.0001057280  -0.0001520375  -0.0001178924  -0.0000377089
        0.0001279956   0.0009265911   0.0001297416  -0.0002294527   0.0788963334
       -0.0498844058   0.0586589563  -0.0087474147   0.0114350122  -0.0196245031
       -0.0025961296  -0.0022388642   0.0031553734   0.0012476137  -0.0007515240
        0.0012610186  -0.0001287615  -0.0000760755  -0.0001479026  -0.0000007215
        0.0000343376  -0.0000373241   0.0000557539   0.0000511428   0.0000658574
        0.0000233783  -0.0000209510  -0.0000148994   0.0000063869  -0.0000031731
        0.0000007423  -0.0001793422   0.0000452607   0.0002313244  -0.0000046127
       -0.0000369011   0.0001366338  -0.0000269080  -0.0000022853  -0.0000132880
       -0.0000008680   0.0000303841   0.0000249545
        0.0007619375  -0.0029928359  -0.0015307173  -0.0000092802   0.0003609254
        0.0002338937   0.0111672735  -0.0190637872   0.0141499488   0.0410033372
       -0.1206489910   0.0961247309   0.0020243192  -0.0055902183   0.0105681511
        0.0000191673  -0.0002628643   0.0002124629   0.0006283452  -0.0025332041
       -0.0009494455  -0.0002557869  -0.0006893901   0.0005603100   0.0000156101
       -0.0001139087   0.0001843505   0.0003939969  -0.0002576249   0.0002299208
       -0.0000042095   0.0001672011   0.0001327613  -0.0000769252   0.0000518736
       -0.0001738664   0.0005569828  -0.0001255525   0.0004866774  -0.0498844058
        0.1425235646  -0.1090801222  -0.0050267412   0.0085094147  -0.0100982134
       -0.0015511873  -0.0003771736   0.0007158230   0.0004895119   0.0010536490
       -0.0008542144   0.0000546188   0.0000733098  -0.0003194071  -0.0003384988
       -0.0002000920  -0.0002666148   0.0000026394  -0.0001345249  -0.0000872779
       -0.0000158614   0.0001061740   0.0000871189   0.0000212419   0.0000572357
        0.0000082816   0.0000508894  -0.0000381032  -0.0001842976  -0.0000173511
        0.0000856526  -0.0000892476  -0.0000181331   0.0000255698  -0.0000277075
        0.0000085094   0.0000137002  -0.0000332992
        0.0005814082  -0.0009980380  -0.0000065809  -0.0000618250   0.0004840350
        0.0005079669   0.0040333105  -0.0079852206   0.0049107237  -0.0570272995
        0.0967101219  -0.1616719036  -0.0007185681   0.0113720942  -0.0172430888
       -0.0001930409   0.0003339064  -0.0004458304   0.0001235273  -0.0008123656
        0.0000660649  -0.0001067606  -0.0003673014  -0.0001598556   0.0001038791
        0.0001231235  -0.0000952648   0.0003456540  -0.0001500371  -0.0002325535
       -0.0000049944   0.0000718206   0.0000311228   0.0001207906  -0.0002956858
       -0.0000623907   0.0011949810  -0.0022378331   0.0016257642   0.0586589563
       -0.1090801222   0.1914566957  -0.0104014984   0.0110133704  -0.0180203922
        0.0034544932   0.0021132301  -0.0020285743  -0.0002476607  -0.0001275099
        0.0005698413   0.0000160159   0.0000260403   0.0001194726   0.0001027618
        0.0000401428   0.0001515885  -0.0000264882  -0.0000842388   0.0000377035
       -0.0000068424   0.0000080871   0.0000786122   0.0000762015   0.0000786011
        0.0001374439   0.0000169651  -0.0001396712   0.0001016110  -0.0000262964
       -0.0000264051   0.0000953043   0.0000170854  -0.0000420243   0.0000384407
       -0.0000247553  -0.0000281205   0.0000380789
       -0.0005563593   0.0012157969   0.0007613217   0.0000893366  -0.0000215190
        0.0000702239   0.0066976624   0.0052702543   0.0059589304  -0.1320352222
       -0.0706234601  -0.0852490963  -0.0185841960  -0.0142229771  -0.0106929652
       -0.0037789630  -0.0019460820   0.0022294485   0.0006590552   0.0007385401
        0.0009057703   0.0001769846   0.0003539813  -0.0001135442   0.0001369883
        0.0000729324   0.0001766247   0.0001478749   0.0000787627  -0.0000673636
       -0.0001067655   0.0000133292  -0.0000266392  -0.0001484884   0.0000929267
        0.0000694402  -0.0004465344   0.0013370587   0.0012592813  -0.0087474147
       -0.0050267412  -0.0104014984   0.1564479863   0.0838684715   0.0950997693
        0.0010640612  -0.0000075536  -0.0005245685  -0.0014253537  -0.0005024907
        0.0005436219  -0.0000902145  -0.0009479852  -0.0003380069   0.0001833019
        0.0001304192   0.0001824264   0.0001044298   0.0001225285   0.0000050102
        0.0001384992  -0.0000301960   0.0000082969   0.0000000960   0.0000108579
        0.0000201040   0.0000434403   0.0000083449  -0.0000274296   0.0000119342
       -0.0000627420   0.0000495758   0.0000184777   0.0000261706   0.0000427814
       -0.0000006169   0.0000513722   0.0000584851
       -0.0000423399  -0.0027206307  -0.0007580830   0.0001102479  -0.0001436243
       -0.0001497237  -0.0125007208  -0.0113522282  -0.0144387461  -0.0704214882
       -0.1010909324  -0.0658624187  -0.0088781425  -0.0046093155  -0.0037851103
       -0.0019344999  -0.0017304214   0.0007235524  -0.0009669996   0.0003954642
       -0.0003134274  -0.0004555857  -0.0008257965   0.0003225524   0.0001700035
        0.0001386615  -0.0001383961  -0.0001158245   0.0000709120  -0.0000270523
       -0.0000941284   0.0000108304  -0.0000699239  -0.0000453817  -0.0000245936
        0.0001401946   0.0007736604  -0.0024797460  -0.0013854716   0.0114350122
        0.0085094147   0.0110133704   0.0838684715   0.1166519295   0.0749977588
       -0.0003312794   0.0002756277  -0.0002195666  -0.0004662321  -0.0005046564
        0.0000926026  -0.0000232155  -0.0004318178  -0.0002357093   0.0001119565
       -0.0000693437   0.0000793107  -0.0000101742  -0.0002223581  -0.0002025919
       -0.0000179061   0.0001164072  -0.0000651701   0.0000524691   0.0001128242
        0.0001137742  -0.0000449693   0.0000352276   0.0000789675  -0.0000835898
       -0.0001408064   0.0000449655  -0.0000595903   0.0000340531   0.0000397703
       -0.0000297532  -0.0000050812   0.0000045715
        0.0004334942  -0.0002602181  -0.0009938050  -0.0000345508   0.0004440485
        0.0002269336  -0.0052842699  -0.0074468429  -0.0076049116  -0.0870747183
       -0.0660561638  -0.1197636669   0.0113263007   0.0082044944   0.0072212065
        0.0022219240   0.0013287742  -0.0008262612  -0.0003788295   0.0001083175
        0.0006804247  -0.0002118270  -0.0004201681   0.0001399095   0.0001071477
        0.0001000733   0.0000949881   0.0001190695  -0.0003300406   0.0000747475
        0.0000706158  -0.0000716044  -0.0000145472  -0.0000564971  -0.0002618426
       -0.0001093555   0.0008958124  -0.0021181097  -0.0009108462  -0.0196245031
       -0.0100982134  -0.0180203922   0.0950997693   0.0749977588   0.1384232565
        0.0014458351   0.0009448270   0.0013383674   0.0006637431   0.0000878668
       -0.0003628433   0.0001220623   0.0005595729   0.0001731053   0.0001688692
        0.0002201522   0.0001501356  -0.0000034729  -0.0001331072   0.0001168705
       -0.0000102646  -0.0000224778   0.0001104937   0.0000695258   0.0000513762
        0.0001418451  -0.0000328545  -0.0000034364  -0.0002132673  -0.0000049065
        0.0001784884  -0.0000130251  -0.0000243474  -0.0000518095  -0.0000537517
       -0.0000031276   0.0000482845  -0.0000056107
        0.0001679819   0.0003552865   0.0000318017  -0.0001612990   0.0000156760
        0.0000191757  -0.0006825631  -0.0001845085   0.0004533351   0.0031174681
       -0.0058672480   0.0227038541  -0.0621474289   0.0114164940  -0.0600561098
       -0.0030194257  -0.0014076224  -0.0094397259   0.0000930508   0.0000452184
        0.0001929899   0.0000919753   0.0000072301   0.0001011730  -0.0000851509
       -0.0000334844   0.0000239109   0.0000162451  -0.0002315077  -0.0000354503
        0.0000546882   0.0000039103   0.0000798600   0.0000667203   0.0000902642
        0.0000576346  -0.0001034821   0.0001448233  -0.0000433024  -0.0025961296
       -0.0015511873   0.0034544932   0.0010640612  -0.0003312794   0.0014458351
        0.0733087713  -0.0066161633   0.0674663616  -0.0092680518   0.0062294487
       -0.0245944888  -0.0000711845   0.0000040385  -0.0004508387   0.0000935410
       -0.0023433317  -0.0014611487   0.0000148608  -0.0000116198  -0.0000473580
        0.0000693233  -0.0000017172   0.0000548491  -0.0000672266   0.0000209462
        0.0000524794   0.0000604412   0.0000282903  -0.0000499356  -0.0000661664
        0.0001723804  -0.0000316416   0.0000352988   0.0000192283   0.0000288953
        0.0000136813   0.0000264343   0.0000433509
       -0.0003314149   0.0004112191   0.0005378456   0.0000365211  -0.0004462986
       -0.0002590078   0.0000968268  -0.0000532754   0.0003108839  -0.0003589124
       -0.0025594096   0.0114713432   0.0115405199  -0.0479035381   0.0274278598
       -0.0096976164   0.0004808568  -0.0265562820  -0.0000391593  -0.0000990378
        0.0000806082   0.0000019002  -0.0002174690  -0.0002380210   0.0000475497
       -0.0000817248   0.0000024113   0.0000737290   0.0001698062  -0.0000019733
       -0.0000351750   0.0000494327  -0.0000012539  -0.0001002032   0.0002281074
        0.0001777430  -0.0000918922   0.0000017893   0.0000950787  -0.0022388642
       -0.0003771736   0.0021132301  -0.0000075536   0.0002756277   0.0009448270
       -0.0066161633   0.0571838606  -0.0323719675   0.0088016687  -0.0036722442
        0.0205220443  -0.0002653130   0.0011116220  -0.0007780926  -0.0010045944
       -0.0045027153  -0.0034736222  -0.0000213906   0.0001165910  -0.0001472469
        0.0000649380   0.0000500051  -0.0000514303   0.0000254134   0.0000048580
        0.0001513952   0.0000073180   0.0000409101   0.0000506167   0.0001484365
       -0.0001872778  -0.0000457250  -0.0000126288   0.0000244931   0.0000422454
       -0.0000239399  -0.0000490153  -0.0000035100
        0.0000885444  -0.0000623202   0.0007987313  -0.0000965251   0.0002097185
        0.0002447902   0.0005185941   0.0002955600  -0.0009392488  -0.0008044331
        0.0059878483  -0.0191200112  -0.0595239530   0.0276339661  -0.2428523637
       -0.0065704327  -0.0017596080  -0.0156918520  -0.0000641639  -0.0000097601
        0.0000060761   0.0000750199  -0.0001616954  -0.0000507997   0.0000784582
        0.0000729352  -0.0001394455   0.0001421038   0.0001450653  -0.0005179126
       -0.0001167611   0.0000036860  -0.0000261546   0.0000265378  -0.0002042926
        0.0000784848  -0.0000380666  -0.0000924952   0.0003373204   0.0031553734
        0.0007158230  -0.0020285743  -0.0005245685  -0.0002195666   0.0013383674
        0.0674663616  -0.0323719675   0.2824127101  -0.0037390608   0.0024340643
       -0.0049831636   0.0001867334   0.0005135718   0.0010366839  -0.0003445312
       -0.0030348761  -0.0006305593  -0.0000311972   0.0000276853   0.0000994147
        0.0000627940   0.0000002670   0.0001023266   0.0000421538   0.0001022403
        0.0003207265  -0.0000571711  -0.0000526679   0.0000381635   0.0000893131
       -0.0001486656   0.0002058395  -0.0000169442  -0.0000220244  -0.0000287970
       -0.0000041790  -0.0000024913  -0.0000107527
       -0.0000986745  -0.0015220264   0.0001804812  -0.0000584997   0.0000280494
       -0.0000481489  -0.0033246043  -0.0003966662   0.0017284767  -0.0204186859
        0.0137391778   0.0022948933  -0.1742057788   0.1128724132  -0.0090289183
        0.0047637235  -0.0036549643   0.0001958619  -0.0000039098   0.0005255913
        0.0003387178   0.0002037390  -0.0002364221  -0.0002783409  -0.0000967322
        0.0000227611  -0.0001092797   0.0000483918  -0.0000867900  -0.0000757556
        0.0000238457   0.0000119760  -0.0000700048   0.0000148470   0.0000251464
        0.0000824981  -0.0001312484   0.0001692913   0.0001138553   0.0012476137
        0.0004895119  -0.0002476607  -0.0014253537  -0.0004662321   0.0006637431
       -0.0092680518   0.0088016687  -0.0037390608   0.2020913256  -0.1299359401
        0.0074920254  -0.0001778967  -0.0000458176  -0.0000053429   0.0007112789
       -0.0003210954   0.0003700793   0.0000544745   0.0000359536  -0.0000082245
        0.0001094181  -0.0000946658  -0.0000440581  -0.0000055465   0.0000097462
        0.0001064746   0.0000027833   0.0000258119   0.0000043418   0.0000059182
       -0.0000433439   0.0000692923  -0.0000326839   0.0000090432   0.0000134356
       -0.0000296930   0.0000378219   0.0000006190
       -0.0006982372  -0.0060665947  -0.0031040896   0.0002203591  -0.0001212299
       -0.0001090628  -0.0015929256  -0.0004938887   0.0006458451  -0.0072860240
        0.0059110237   0.0006718299   0.1124946151  -0.1352819037   0.0065818758
        0.0203624984  -0.0184943359   0.0003271594   0.0000287128   0.0001656828
        0.0001155418   0.0015281784  -0.0005824680  -0.0003972440  -0.0001188516
       -0.0001136104   0.0000520145  -0.0002045593  -0.0001362428   0.0000724196
        0.0000059096   0.0000097278   0.0000217346  -0.0001322244   0.0002433484
        0.0000073311  -0.0000183255  -0.0000067654   0.0000793764  -0.0007515240
        0.0010536490  -0.0001275099  -0.0005024907  -0.0005046564   0.0000878668
        0.0062294487  -0.0036722442   0.0024340643  -0.1299359401   0.1580846500
       -0.0070329845  -0.0001661200  -0.0009539909  -0.0001797617   0.0004173270
        0.0010580053   0.0002713441   0.0000763852   0.0001375581   0.0000390760
        0.0000643818  -0.0003859175  -0.0003552282  -0.0000110469   0.0000192436
        0.0000009007  -0.0000013794   0.0000319920  -0.0000317194  -0.0000337117
        0.0000337923  -0.0000694730   0.0000061004   0.0000315798  -0.0000115529
        0.0000194440   0.0000335959   0.0000102459
        0.0009173413  -0.0022341159  -0.0011461387  -0.0002692475   0.0004381502
        0.0003811857   0.0030301769  -0.0008450504  -0.0016696123   0.0130138692
       -0.0081155402  -0.0007613809  -0.0110383969   0.0081822337  -0.0449553934
        0.0079417750  -0.0079963832   0.0003366290  -0.0001027140  -0.0003472326
       -0.0001717489   0.0006399806  -0.0005097940  -0.0001289620   0.0001124109
        0.0000447399  -0.0000289071   0.0002447163  -0.0001255715  -0.0004482464
       -0.0000533426   0.0000158901   0.0000628647   0.0001352361  -0.0002421525
        0.0000066456   0.0000389862  -0.0001634522  -0.0000982066   0.0012610186
       -0.0008542144   0.0005698413   0.0005436219   0.0000926026  -0.0003628433
       -0.0245944888   0.0205220443  -0.0049831636   0.0074920254  -0.0070329845
        0.0530156622   0.0000102790  -0.0001414046  -0.0002219241   0.0006088442
       -0.0005439404   0.0003274361   0.0000129232   0.0000349593   0.0000950269
        0.0000243465  -0.0001752997  -0.0000426712  -0.0000041143   0.0001226860
        0.0001627562  -0.0000008700  -0.0000752224   0.0000015920   0.0000260019
       -0.0000112649   0.0000410068   0.0000142838  -0.0000333374   0.0000003142
       -0.0000046629  -0.0000063454   0.0000182380
       -0.0205699456  -0.0146045707   0.0160688273  -0.0001760489   0.0000910548
       -0.0000324972  -0.0055673071   0.0005157550   0.0024295536  -0.0011432359
       -0.0003970859   0.0003433169  -0.0025343426  -0.0051651699   0.0028745215
       -0.0978907402  -0.0643996517   0.0692299850  -0.0003112761  -0.0009236002
        0.0005628008  -0.0002131859  -0.0006080986   0.0004949344  -0.0003586497
        0.0000863134  -0.0001608475   0.0001138627  -0.0000496612   0.0001462596
       -0.0000335694   0.0000654045   0.0000588365   0.0001553776  -0.0000373693
        0.0001213733  -0.0001586297  -0.0003878055   0.0001903143  -0.0001287615
        0.0000546188   0.0000160159  -0.0000902145  -0.0000232155   0.0001220623
       -0.0000711845  -0.0002653130   0.0001867334  -0.0001778967  -0.0001661200
        0.0000102790   0.1218249808   0.0789132938  -0.0832656322   0.0071304536
        0.0071181544  -0.0090251708   0.0001484277   0.0002018968  -0.0001146720
        0.0003214655  -0.0001021539  -0.0001822038  -0.0001252956   0.0000243649
       -0.0001303819   0.0000391492   0.0000298544  -0.0000340811  -0.0001302722
       -0.0000266008   0.0000254256  -0.0000312229   0.0000217561   0.0000421094
       -0.0000219385   0.0000339494   0.0000221377
        0.0042719133   0.0075008617  -0.0073644628   0.0001250170  -0.0001051011
       -0.0002121801   0.0019450981  -0.0011439974  -0.0006070370  -0.0025893956
       -0.0047310978  -0.0014623706  -0.0147992586  -0.0185648637   0.0148093318
       -0.0654036822  -0.1166910603   0.0833678101   0.0004227156   0.0004378205
       -0.0001819226   0.0007480339   0.0004961978  -0.0005526908   0.0001136278
       -0.0000394083   0.0000295961  -0.0000781612  -0.0002150693   0.0001779477
        0.0000564529   0.0000873316  -0.0000249505  -0.0000642669   0.0002316252
        0.0000613365   0.0000871409   0.0001015672  -0.0002587288  -0.0000760755
        0.0000733098   0.0000260403  -0.0009479852  -0.0004318178   0.0005595729
        0.0000040385   0.0011116220   0.0005135718  -0.0000458176  -0.0009539909
       -0.0001414046   0.0789132938   0.1363307505  -0.0950677322  -0.0027214145
       -0.0033765524   0.0064145161   0.0001096479  -0.0000566685  -0.0001351846
        0.0000224730   0.0000111670   0.0000186486  -0.0000082852  -0.0002283066
        0.0000746760  -0.0000088512   0.0000628944   0.0000122008  -0.0000377801
       -0.0000112886  -0.0000742520  -0.0000218328   0.0000668089   0.0000277615
       -0.0000166463   0.0000372660  -0.0000100935
        0.0082023757   0.0019932366  -0.0032438112  -0.0002110778  -0.0001840064
        0.0000244344   0.0013482796  -0.0009410522  -0.0002673955  -0.0011960514
       -0.0022061906   0.0001133127  -0.0055995182  -0.0070234186   0.0063693136
        0.0701035714   0.0848955320  -0.1343120584  -0.0000368062   0.0002387728
        0.0000161248   0.0004537501   0.0003117449   0.0000280842   0.0000926041
       -0.0000269986  -0.0000391297   0.0001158802   0.0001758961  -0.0002732015
        0.0000097328  -0.0000203505   0.0000574571   0.0001210450   0.0001120287
        0.0002028429  -0.0003415131  -0.0000974172   0.0002461489  -0.0001479026
       -0.0003194071   0.0001194726  -0.0003380069  -0.0002357093   0.0001731053
       -0.0004508387  -0.0007780926   0.0010366839  -0.0000053429  -0.0001797617
       -0.0002219241  -0.0832656322  -0.0950677322   0.1532643103   0.0113471183
        0.0197436586  -0.0236989094   0.0001010251  -0.0005842669   0.0000398695
       -0.0002463494  -0.0000227538   0.0001763134  -0.0001108292   0.0002238799
        0.0000287757   0.0000095553  -0.0000398433   0.0000189672  -0.0000181109
        0.0000162861   0.0000530777   0.0000479209  -0.0000082888   0.0000222041
        0.0000151209   0.0000242542   0.0000659316
       -0.0389354244   0.0150801019  -0.0209797231   0.0000350451  -0.0000401259
       -0.0000051733   0.0013318117   0.0017275694  -0.0021524708  -0.0000956113
        0.0002155577  -0.0001369953  -0.0028342206  -0.0008255711  -0.0077505903
       -0.0880072991   0.0090670575  -0.0880759247  -0.0001035650  -0.0000867605
        0.0002781962   0.0007118933  -0.0020092536  -0.0016677386   0.0001194350
        0.0000913157  -0.0001094295  -0.0000367087  -0.0000190181  -0.0000254075
       -0.0000401264   0.0000606193  -0.0000388147  -0.0000105727  -0.0000730456
        0.0001788131   0.0000724502   0.0000490640   0.0007639077  -0.0000007215
       -0.0003384988   0.0001027618   0.0001833019   0.0001119565   0.0001688692
        0.0000935410  -0.0010045944  -0.0003445312   0.0007112789   0.0004173270
        0.0006088442   0.0071304536  -0.0027214145   0.0113471183   0.1187232768
       -0.0190539968   0.1058914157  -0.0000890756  -0.0000763357   0.0000091496
        0.0005820937  -0.0005439811  -0.0001147567   0.0004396706   0.0000734645
        0.0016366250  -0.0000066269  -0.0000245365   0.0000673078   0.0000854776
       -0.0000760189   0.0002357051  -0.0000192713  -0.0000080350   0.0000635442
       -0.0000405058   0.0000071530   0.0000492977
        0.0167140865  -0.0043348420   0.0074462412   0.0001678465   0.0001425980
        0.0001366505  -0.0006659347   0.0000889238   0.0000882441   0.0002638944
        0.0002759822  -0.0002930502  -0.0129345992  -0.0002304568  -0.0250271153
        0.0105824219  -0.0451783352   0.0281294699   0.0000652732   0.0001960749
       -0.0000272017   0.0008753784   0.0010664545   0.0021751991  -0.0000134278
       -0.0000669598   0.0000809710  -0.0000067810  -0.0003336274  -0.0000323082
        0.0000454198  -0.0000036861   0.0000230091  -0.0000720013   0.0000099449
       -0.0001220573   0.0002102171   0.0000444315  -0.0001287706   0.0000343376
       -0.0002000920   0.0000401428   0.0001304192  -0.0000693437   0.0002201522
       -0.0023433317  -0.0045027153  -0.0030348761  -0.0003210954   0.0010580053
       -0.0005439404   0.0071181544  -0.0033765524   0.0197436586  -0.0190539968
        0.0550700529  -0.0279799937   0.0000855236  -0.0002020653   0.0001303900
       -0.0003795996   0.0002700396  -0.0000103509  -0.0004617779   0.0003350814
       -0.0009393728  -0.0000105649   0.0000272909   0.0000136966  -0.0000600769
       -0.0000284094  -0.0000937712   0.0000213338  -0.0000037088   0.0000129702
        0.0000088808  -0.0000540858  -0.0000079866
       -0.0091138884   0.0028520398   0.0054248314  -0.0003180720   0.0000068733
        0.0000595277   0.0008286067   0.0000257047   0.0007567984   0.0000560353
        0.0005009237   0.0002849349  -0.0079799152  -0.0027456437  -0.0160008025
       -0.0803408544   0.0240057069  -0.1967244299  -0.0002008615   0.0000068328
        0.0000618755   0.0017358677  -0.0005774259   0.0027930643   0.0000415384
        0.0000589581  -0.0001730521   0.0004164095   0.0001050548  -0.0003874745
        0.0000326735   0.0000333914  -0.0000268974   0.0001948566  -0.0000323147
        0.0001409485  -0.0007318474  -0.0004487585   0.0004450025  -0.0000373241
       -0.0002666148   0.0001515885   0.0001824264   0.0000793107   0.0001501356
       -0.0014611487  -0.0034736222  -0.0006305593   0.0003700793   0.0002713441
        0.0003274361  -0.0090251708   0.0064145161  -0.0236989094   0.1058914157
       -0.0279799937   0.2265336996  -0.0000760726   0.0001477796  -0.0003546783
        0.0002472079  -0.0000019628   0.0000018290  -0.0007198436   0.0011410462
        0.0007503012  -0.0000070866  -0.0000490443   0.0000458272   0.0000544520
       -0.0000579885   0.0001099265  -0.0000180377  -0.0000196627  -0.0000127700
       -0.0000214465   0.0000035493  -0.0000281536
       -0.0026394680  -0.0048298652  -0.0004387586  -0.0001741875  -0.0000261530
       -0.0001104537   0.0009877926  -0.0008146173  -0.0005103555  -0.0002895919
       -0.0001946987   0.0001126996  -0.0000720496   0.0001125086   0.0000657817
        0.0005984087   0.0011128619  -0.0000984214   0.0003861848   0.0000283723
        0.0000341989  -0.1127649364  -0.0866415228   0.0530415924  -0.0000065370
        0.0000631234  -0.0000529877   0.0000094542   0.0001281809   0.0003008351
        0.0000643270  -0.0000709535  -0.0000480504   0.0001475572  -0.0001501274
        0.0000129059  -0.0000256528   0.0002761038  -0.0003432075   0.0000557539
        0.0000026394  -0.0000264882   0.0001044298  -0.0000101742  -0.0000034729
        0.0000148608  -0.0000213906  -0.0000311972   0.0000544745   0.0000763852
        0.0000129232   0.0001484277   0.0001096479   0.0001010251  -0.0000890756
        0.0000855236  -0.0000760726   0.1299943194   0.1039601537  -0.0623185330
       -0.0228339973  -0.0210955279   0.0162064631   0.0063872179   0.0081155467
       -0.0056596387   0.0000259160   0.0000088792  -0.0000492710  -0.0000692578
       -0.0001052338  -0.0000797311  -0.0000007436  -0.0000598698  -0.0000112367
       -0.0000136269  -0.0000597924  -0.0000305489
       -0.0168289262  -0.0248605027   0.0064712289   0.0000117500   0.0002171605
       -0.0000063389   0.0001678632  -0.0046731410  -0.0034724783  -0.0006517330
       -0.0014282799   0.0001844644  -0.0002307930   0.0002691444   0.0002438459
       -0.0007341924   0.0001840384   0.0008177395   0.0003477631  -0.0001261227
        0.0000606940  -0.0848032987  -0.1533339928   0.0685447202  -0.0001099428
       -0.0000171518  -0.0000011959  -0.0000528706  -0.0002712490   0.0001697231
        0.0000533171   0.0000487967  -0.0000136383   0.0000086695   0.0000053366
       -0.0000364032   0.0003846990   0.0005689636  -0.0006159633   0.0000511428
       -0.0001345249  -0.0000842388   0.0001225285  -0.0002223581  -0.0001331072
       -0.0000116198   0.0001165910   0.0000276853   0.0000359536   0.0001375581
        0.0000349593   0.0002018968  -0.0000566685  -0.0005842669  -0.0000763357
       -0.0002020653   0.0001477796   0.1039601537   0.1851491294  -0.0777928349
        0.0043884479   0.0068429048  -0.0033290010  -0.0061692956  -0.0082137062
        0.0094407694   0.0000303692   0.0000145936  -0.0000445237  -0.0000451773
       -0.0000176730  -0.0000246732  -0.0000247269  -0.0000145577   0.0000051194
       -0.0000256424   0.0000177762  -0.0000100653
       -0.0106912983  -0.0130875007   0.0079373550  -0.0001199429  -0.0006196019
       -0.0003151005   0.0001290791  -0.0027207667  -0.0014697181  -0.0003114923
       -0.0010602016   0.0000340828  -0.0001641890   0.0002143640  -0.0000575145
       -0.0002504086  -0.0004431933   0.0009247628   0.0000101590  -0.0001577881
        0.0001753268   0.0538686258   0.0698943224  -0.0870776078  -0.0000833034
       -0.0000003814  -0.0000744785   0.0000657396   0.0003519289  -0.0000928646
       -0.0000319451   0.0000524313   0.0000468272   0.0000794312   0.0002822317
        0.0002737872   0.0000138574  -0.0001714207   0.0002409873   0.0000658574
       -0.0000872779   0.0000377035   0.0000050102  -0.0002025919   0.0001168705
       -0.0000473580  -0.0001472469   0.0000994147  -0.0000082245   0.0000390760
        0.0000950269  -0.0001146720  -0.0001351846   0.0000398695   0.0000091496
        0.0001303900  -0.0003546783  -0.0623185330  -0.0777928349   0.0987737131
        0.0043831557   0.0037502858  -0.0021561483   0.0154834103   0.0219874326
       -0.0173282781   0.0000018247   0.0000677668   0.0000733703  -0.0000120756
       -0.0001874693   0.0000116899   0.0000196982   0.0000670628   0.0000438668
        0.0000184446  -0.0000238323   0.0000017343
       -0.0008461993   0.0041349440   0.0035276384  -0.0000597261  -0.0000884846
       -0.0000337506   0.0003968631  -0.0007588965   0.0001733276  -0.0001410009
       -0.0000295457  -0.0000577336  -0.0002037297   0.0000048015   0.0000240482
        0.0007636931   0.0011974870   0.0005234900   0.0003002024  -0.0000636677
        0.0000233429  -0.2334627320   0.0736104194   0.0274183541   0.0001069033
        0.0000243550   0.0000499772   0.0000430424   0.0001653247  -0.0001976934
       -0.0000871388  -0.0000947309  -0.0000498881  -0.0000684365  -0.0001271066
        0.0000014790  -0.0001158680   0.0000854050  -0.0001526422   0.0000233783
       -0.0000158614  -0.0000068424   0.0001384992  -0.0000179061  -0.0000102646
        0.0000693233   0.0000649380   0.0000627940   0.0001094181   0.0000643818
        0.0000243465   0.0003214655   0.0000224730  -0.0002463494   0.0005820937
       -0.0003795996   0.0002472079  -0.0228339973   0.0043884479   0.0043831557
        0.2719989275  -0.0881336597  -0.0344823748  -0.0170833961   0.0059937595
       -0.0012905057   0.0000125918   0.0000274533   0.0000021326   0.0000343053
        0.0000116820   0.0001013755   0.0000036721  -0.0000424150  -0.0000170565
       -0.0000021543  -0.0000439982  -0.0000175683
        0.0240998385  -0.0124634152  -0.0079944544  -0.0000460155   0.0001888163
        0.0002574707   0.0008905430   0.0002079218   0.0001325018   0.0001436499
        0.0002612373   0.0000471860   0.0014435718  -0.0011590058  -0.0005087176
       -0.0002513729  -0.0046832927  -0.0033523908  -0.0000388039  -0.0000500362
       -0.0002778390   0.0714297305  -0.0722404693  -0.0086954923  -0.0001349217
       -0.0001007433   0.0002203643  -0.0000666398  -0.0000554202  -0.0002875344
        0.0000569997  -0.0000546730   0.0000699945  -0.0000107960  -0.0000284373
       -0.0002650125   0.0003231079  -0.0003372312   0.0001570523  -0.0000209510
        0.0001061740   0.0000080871  -0.0000301960   0.0001164072  -0.0000224778
       -0.0000017172   0.0000500051   0.0000002670  -0.0000946658  -0.0003859175
       -0.0001752997  -0.0001021539   0.0000111670  -0.0000227538  -0.0005439811
        0.0002700396  -0.0000019628  -0.0210955279   0.0068429048   0.0037502858
       -0.0881336597   0.0866832248   0.0155934336   0.0119808788  -0.0031442354
        0.0014026721   0.0000396314  -0.0000531576  -0.0000076471   0.0000611642
        0.0000767623  -0.0000176426   0.0000637205  -0.0000379957  -0.0000243547
        0.0000385665  -0.0000206298   0.0000142642
        0.0188260385  -0.0086779996  -0.0050737974  -0.0001762178  -0.0003739705
       -0.0003378339   0.0001700690   0.0004333666   0.0008293740   0.0000845597
        0.0000662154  -0.0002811889   0.0011225505  -0.0008734731  -0.0002617679
       -0.0004295715  -0.0038658485  -0.0017599053   0.0002954069  -0.0001269961
       -0.0000104791   0.0263627718  -0.0094679273  -0.0484777092  -0.0000968757
       -0.0000793927   0.0000499523  -0.0000657003   0.0001381839   0.0003014134
        0.0001192642  -0.0000025261   0.0000460423   0.0000222096   0.0002823364
        0.0000352375  -0.0002231621   0.0001424694  -0.0001740332  -0.0000148994
        0.0000871189   0.0000786122   0.0000082969  -0.0000651701   0.0001104937
        0.0000548491  -0.0000514303   0.0001023266  -0.0000440581  -0.0003552282
       -0.0000426712  -0.0001822038   0.0000186486   0.0001763134  -0.0001147567
       -0.0000103509   0.0000018290   0.0162064631  -0.0033290010  -0.0021561483
       -0.0344823748   0.0155934336   0.0560685431  -0.0275947237   0.0104823836
        0.0011436613   0.0000083212   0.0001285722  -0.0000297205   0.0001035915
       -0.0001596080  -0.0002841949   0.0000125509   0.0000748679  -0.0000048085
        0.0000276009  -0.0000086741  -0.0000495403
       -0.0011847645  -0.0065242442  -0.0077360445   0.0001903622  -0.0001345924
        0.0000403693   0.0008321278   0.0012996389  -0.0018353351  -0.0000876162
        0.0001466798  -0.0000009505  -0.0000826169   0.0001319625  -0.0000176461
        0.0021747517  -0.0002361304   0.0023041019  -0.0001795351  -0.0000131720
        0.0000498578  -0.0777595585   0.0251892494  -0.0714085937   0.0001278731
        0.0001086220  -0.0000212231  -0.0000172748   0.0002280418  -0.0000297023
       -0.0000800376   0.0000015332  -0.0000263985  -0.0000065672  -0.0000814965
        0.0000537620  -0.0001642406  -0.0006485062   0.0009218439   0.0000063869
        0.0000212419   0.0000762015   0.0000000960   0.0000524691   0.0000695258
       -0.0000672266   0.0000254134   0.0000421538  -0.0000055465  -0.0000110469
       -0.0000041143  -0.0001252956  -0.0000082852  -0.0001108292   0.0004396706
       -0.0004617779  -0.0007198436   0.0063872179  -0.0061692956   0.0154834103
       -0.0170833961   0.0119808788  -0.0275947237   0.0866844499  -0.0247055433
        0.0900784888  -0.0000057392  -0.0000653257   0.0000959258   0.0000174883
       -0.0000615342   0.0001655163   0.0000136574  -0.0000320249   0.0000580220
       -0.0000246664  -0.0000327554   0.0000662255
       -0.0102427327  -0.0026063733  -0.0286771348   0.0000627780   0.0004075702
        0.0002521106   0.0006206885   0.0024113654  -0.0039446516   0.0000891670
        0.0004552263   0.0001858609   0.0000071733   0.0001066100   0.0002501565
       -0.0025877783   0.0011019109  -0.0012873816   0.0002933403   0.0000175401
        0.0003254548   0.0218790287  -0.0581272843   0.0480624776  -0.0000277931
        0.0000198202   0.0000607687  -0.0001273970  -0.0004380798  -0.0000287401
        0.0000069747  -0.0000084302   0.0000013136  -0.0000763826  -0.0002261070
       -0.0001209191   0.0004858157   0.0004624922   0.0013565020  -0.0000031731
        0.0000572357   0.0000786011   0.0000108579   0.0001128242   0.0000513762
        0.0000209462   0.0000048580   0.0001022403   0.0000097462   0.0000192436
        0.0001226860   0.0000243649  -0.0002283066   0.0002238799   0.0000734645
        0.0003350814   0.0011410462   0.0081155467  -0.0082137062   0.0219874326
        0.0059937595  -0.0031442354   0.0104823836  -0.0247055433   0.0675534811
       -0.0505786930  -0.0000053174   0.0000324131  -0.0000160660   0.0000627656
       -0.0000588227  -0.0000165655   0.0000111291  -0.0000043095   0.0000045569
        0.0000085705  -0.0000420175  -0.0000186959
       -0.0100751223  -0.0191840425  -0.0376641406  -0.0002246637  -0.0003678600
       -0.0001820859   0.0015671938   0.0017081366   0.0008660839  -0.0000104895
        0.0005436722  -0.0000456462   0.0000210171   0.0005351694   0.0002446976
       -0.0024555580   0.0013744769   0.0006609632  -0.0001574064  -0.0000204435
       -0.0000017652  -0.0732047649   0.0565799622  -0.1978278007   0.0000361824
        0.0000719796  -0.0001490719   0.0002581965   0.0003159679  -0.0002459516
        0.0000028739   0.0000785242  -0.0000520519   0.0001289697   0.0001222910
        0.0002601509  -0.0008126673  -0.0012632283   0.0010646903   0.0000007423
        0.0000082816   0.0001374439   0.0000201040   0.0001137742   0.0001418451
        0.0000524794   0.0001513952   0.0003207265   0.0001064746   0.0000009007
        0.0001627562  -0.0001303819   0.0000746760   0.0000287757   0.0016366250
       -0.0009393728   0.0007503012  -0.0056596387   0.0094407694  -0.0173282781
       -0.0012905057   0.0014026721   0.0011436613   0.0900784888  -0.0505786930
        0.2473855630   0.0000083872  -0.0000315661   0.0000943278   0.0001671042
       -0.0001287600   0.0002301311  -0.0000265510  -0.0000040926   0.0000221173
       -0.0000370897  -0.0000045905  -0.0000174430
        0.0002013342   0.0004143942  -0.0004342233  -0.0000745380   0.0000821214
        0.0000641709   0.0008328081  -0.0007464141   0.0016641920   0.0000903119
       -0.0000368194   0.0001248140  -0.0000465129   0.0000094383  -0.0000390572
       -0.0000377967  -0.0000214442   0.0000991327   0.0053300998  -0.0093915542
        0.0151088115   0.0000056625  -0.0000747517   0.0000245275  -0.0599624043
        0.0298967008  -0.0492078506  -0.0024962391  -0.0021954947   0.0029950153
       -0.0095761010   0.0153490620  -0.0250339340  -0.0061734076   0.0002848601
       -0.0012160679  -0.0003556184  -0.0003249994  -0.0002565975  -0.0001793422
        0.0000508894   0.0000169651   0.0000434403  -0.0000449693  -0.0000328545
        0.0000604412   0.0000073180  -0.0000571711   0.0000027833  -0.0000013794
       -0.0000008700   0.0000391492  -0.0000088512   0.0000095553  -0.0000066269
       -0.0000105649  -0.0000070866   0.0000259160   0.0000303692   0.0000018247
        0.0000125918   0.0000396314   0.0000083212  -0.0000057392  -0.0000053174
        0.0000083872   0.0718401373  -0.0341302796   0.0572088346   0.0002283895
       -0.0004908311   0.0009305388   0.0007656850   0.0005077177  -0.0006193192
       -0.0005644236   0.0008111683  -0.0013600590
       -0.0000175259   0.0002204445  -0.0003558761  -0.0002540816  -0.0028974932
       -0.0021482338   0.0010602711  -0.0017310508  -0.0011012204   0.0003853014
       -0.0001556978   0.0001875094   0.0000719730  -0.0001871727   0.0000648081
        0.0000432186  -0.0000437456   0.0000342432   0.0020722986  -0.0050071115
        0.0130141199   0.0000182929  -0.0000390121   0.0001054877   0.0302894761
       -0.1016970133   0.1044624837  -0.0026433094   0.0055815920   0.0052163613
        0.0026367875  -0.0006990176   0.0055450554   0.0010352613   0.0069674264
        0.0031678773  -0.0007137376   0.0000913351  -0.0006969843   0.0000452607
       -0.0000381032  -0.0001396712   0.0000083449   0.0000352276  -0.0000034364
        0.0000282903   0.0000409101  -0.0000526679   0.0000258119   0.0000319920
       -0.0000752224   0.0000298544   0.0000628944  -0.0000398433  -0.0000245365
        0.0000272909  -0.0000490443   0.0000088792   0.0000145936   0.0000677668
        0.0000274533  -0.0000531576   0.0001285722  -0.0000653257   0.0000324131
       -0.0000315661  -0.0341302796   0.1022993867  -0.1258588295   0.0002833985
       -0.0007056063   0.0003558442  -0.0002661763  -0.0017011851  -0.0018087882
        0.0000447991  -0.0004501395   0.0000112547
       -0.0002561814  -0.0000966443   0.0003182654   0.0003602797  -0.0021304910
       -0.0007981105  -0.0009782328  -0.0016254831  -0.0003514367   0.0002626048
       -0.0000188324   0.0000982334  -0.0000678749  -0.0001333110   0.0000124425
       -0.0002001160  -0.0000448118   0.0000044822  -0.0033481071   0.0126346370
       -0.0175761308  -0.0001082590  -0.0000878575  -0.0000647641  -0.0503481596
        0.1041542605  -0.2056742887   0.0036812058   0.0049937935   0.0010391416
       -0.0047788646   0.0063115912  -0.0075493941  -0.0024808955   0.0032714507
        0.0035930285   0.0006473525   0.0001975578   0.0003672441   0.0002313244
       -0.0001842976   0.0001016110  -0.0000274296   0.0000789675  -0.0002132673
       -0.0000499356   0.0000506167   0.0000381635   0.0000043418  -0.0000317194
        0.0000015920  -0.0000340811   0.0000122008   0.0000189672   0.0000673078
        0.0000136966   0.0000458272  -0.0000492710  -0.0000445237   0.0000733703
        0.0000021326  -0.0000076471  -0.0000297205   0.0000959258  -0.0000160660
        0.0000943278   0.0572088346  -0.1258588295   0.2279838423  -0.0003657148
        0.0002911801  -0.0009876938   0.0006305655  -0.0017778849   0.0000242072
       -0.0000987522   0.0000484469  -0.0005699396
       -0.0004504261   0.0002625352  -0.0005620920  -0.0297567358  -0.0121680258
        0.0186676620   0.0001855224   0.0002114897  -0.0003945644  -0.0000277910
        0.0000627217  -0.0000255478  -0.0000400112   0.0000827581  -0.0000618399
       -0.0002467981   0.0002064018  -0.0001137773   0.0045449868   0.0011811819
       -0.0020768503   0.0000225417  -0.0002433382  -0.0003292837  -0.0001553410
        0.0007176123  -0.0014821322  -0.1351742635  -0.0630707833   0.1012669199
        0.0004518029   0.0003386275  -0.0005124083  -0.0075103495   0.0003344126
       -0.0012332408  -0.0000680092  -0.0001226775   0.0001434411  -0.0000046127
       -0.0000173511  -0.0000262964   0.0000119342  -0.0000835898  -0.0000049065
       -0.0000661664   0.0001484365   0.0000893131   0.0000059182  -0.0000337117
        0.0000260019  -0.0001302722  -0.0000377801  -0.0000181109   0.0000854776
       -0.0000600769   0.0000544520  -0.0000692578  -0.0000451773  -0.0000120756
        0.0000343053   0.0000611642   0.0001035915   0.0000174883   0.0000627656
        0.0001671042   0.0002283895   0.0002833985  -0.0003657148   0.1693208885
        0.0726314612  -0.1144737683   0.0000771937   0.0000639275   0.0000231315
       -0.0012864146  -0.0007663827   0.0011509921
       -0.0003949333   0.0000927921  -0.0004707372  -0.0005199505  -0.0018978034
       -0.0049651824  -0.0004092738  -0.0013146199  -0.0007062829   0.0002225997
       -0.0002150093   0.0000420985   0.0001228183   0.0000249789   0.0000641497
        0.0001910055   0.0000393999   0.0000900405  -0.0091535695  -0.0049040027
        0.0121082517   0.0000057104   0.0002107774   0.0000314701   0.0008947074
        0.0042173462   0.0058069088  -0.0637663616  -0.0804363881   0.0702412437
        0.0003415223   0.0002643086  -0.0001796925   0.0004862488   0.0072429626
        0.0041271698  -0.0002178624   0.0000035329  -0.0002006565  -0.0000369011
        0.0000856526  -0.0000264051  -0.0000627420  -0.0001408064   0.0001784884
        0.0001723804  -0.0001872778  -0.0001486656  -0.0000433439   0.0000337923
       -0.0000112649  -0.0000266008  -0.0000112886   0.0000162861  -0.0000760189
       -0.0000284094  -0.0000579885  -0.0001052338  -0.0000176730  -0.0001874693
        0.0000116820   0.0000767623  -0.0001596080  -0.0000615342  -0.0000588227
       -0.0001287600  -0.0004908311  -0.0007056063   0.0002911801   0.0726314612
        0.0787946701  -0.0848750370   0.0000780924  -0.0015104376  -0.0010091711
        0.0002069285   0.0003411693   0.0001296335
       -0.0000677607  -0.0005310165   0.0007647861  -0.0000595403  -0.0052538908
        0.0038401813   0.0011119188  -0.0005876957  -0.0004952952   0.0001935726
        0.0000543457  -0.0000798168  -0.0000656631   0.0001044044  -0.0000493821
       -0.0004723189   0.0001646553  -0.0000042995   0.0145155601   0.0120360953
       -0.0160810740  -0.0002243147  -0.0002446439  -0.0004875101  -0.0017391849
        0.0058278222  -0.0018096551   0.1023066552   0.0705837885  -0.1484625968
       -0.0007486444  -0.0002072984   0.0003624665  -0.0016322543   0.0039949301
        0.0031291618   0.0001955586  -0.0001191414   0.0004244625   0.0001366338
       -0.0000892476   0.0000953043   0.0000495758   0.0000449655  -0.0000130251
       -0.0000316416  -0.0000457250   0.0002058395   0.0000692923  -0.0000694730
        0.0000410068   0.0000254256  -0.0000742520   0.0000530777   0.0002357051
       -0.0000937712   0.0001099265  -0.0000797311  -0.0000246732   0.0000116899
        0.0001013755  -0.0000176426  -0.0002841949   0.0001655163  -0.0000165655
        0.0002301311   0.0009305388   0.0003558442  -0.0009876938  -0.1144737683
       -0.0848750370   0.1597734545  -0.0000436027  -0.0010032905  -0.0005325523
       -0.0003989032   0.0000865131   0.0002456073
       -0.0003523929   0.0000252187  -0.0000089875   0.0011560929   0.0007956318
       -0.0015562958  -0.0005686491  -0.0006527712   0.0010169975  -0.0000275398
       -0.0000516970  -0.0000066306  -0.0000104359  -0.0000185582  -0.0000333940
       -0.0000252341  -0.0001058876   0.0000440442  -0.0053612298   0.0010449200
       -0.0024233064  -0.0000636781   0.0000287386   0.0000756699  -0.0234653229
       -0.0110857519   0.0165969106   0.0002750293   0.0002220080  -0.0003422179
       -0.1708182214  -0.0686263442   0.1027684211   0.0034014033   0.0013236354
       -0.0019193088   0.0001012996  -0.0000327880   0.0001035782  -0.0000269080
       -0.0000181331   0.0000170854   0.0000184777  -0.0000595903  -0.0000243474
        0.0000352988  -0.0000126288  -0.0000169442  -0.0000326839   0.0000061004
        0.0000142838  -0.0000312229  -0.0000218328   0.0000479209  -0.0000192713
        0.0000213338  -0.0000180377  -0.0000007436  -0.0000247269   0.0000196982
        0.0000036721   0.0000637205   0.0000125509   0.0000136574   0.0000111291
       -0.0000265510   0.0007656850  -0.0002661763   0.0006305655   0.0000771937
        0.0000780924  -0.0000436027   0.1941822123   0.0769474488  -0.1143877188
        0.0007735117   0.0004089085  -0.0005403832
        0.0001173530   0.0000428952  -0.0001285032  -0.0002876222   0.0034684480
        0.0074933091   0.0003071439  -0.0000160435   0.0000384827  -0.0001347002
        0.0000377771   0.0000763385  -0.0000322405  -0.0001211184   0.0000305912
        0.0000700012   0.0000401015   0.0000044990   0.0005484982   0.0067330941
        0.0034970809   0.0000319708   0.0000194785   0.0000535902   0.0011766635
        0.0014939013  -0.0013648001   0.0007995277  -0.0000687356  -0.0004405939
       -0.0691757679  -0.0743919432   0.0603575922  -0.0105560386  -0.0062620874
        0.0084713823   0.0000113589   0.0000325699  -0.0000559222  -0.0000022853
        0.0000255698  -0.0000420243   0.0000261706   0.0000340531  -0.0000518095
        0.0000192283   0.0000244931  -0.0000220244   0.0000090432   0.0000315798
       -0.0000333374   0.0000217561   0.0000668089  -0.0000082888  -0.0000080350
       -0.0000037088  -0.0000196627  -0.0000598698  -0.0000145577   0.0000670628
       -0.0000424150  -0.0000379957   0.0000748679  -0.0000320249  -0.0000043095
       -0.0000040926   0.0005077177  -0.0017011851  -0.0017778849   0.0000639275
       -0.0015104376  -0.0010032905   0.0769474488   0.0733122113  -0.0740791013
       -0.0003268101  -0.0012308591  -0.0011334609
        0.0001165435   0.0000049912  -0.0000216976   0.0002070342   0.0075158663
       -0.0038751745  -0.0004213591  -0.0000757267   0.0000572890  -0.0000003891
        0.0000777137   0.0000390552  -0.0001360383  -0.0000552285  -0.0000302988
       -0.0001286602  -0.0000066733   0.0000860199  -0.0016655930   0.0035363708
        0.0031250583  -0.0001099079  -0.0000742868   0.0000108843  -0.0031642208
       -0.0019087107   0.0035585650  -0.0013487478  -0.0005308477   0.0004057687
        0.1035541727   0.0603730595  -0.1256623914   0.0170865821   0.0090628249
       -0.0142166453   0.0001205898   0.0000025720   0.0000641956  -0.0000132880
       -0.0000277075   0.0000384407   0.0000427814   0.0000397703  -0.0000537517
        0.0000288953   0.0000422454  -0.0000287970   0.0000134356  -0.0000115529
        0.0000003142   0.0000421094   0.0000277615   0.0000222041   0.0000635442
        0.0000129702  -0.0000127700  -0.0000112367   0.0000051194   0.0000438668
       -0.0000170565  -0.0000243547  -0.0000048085   0.0000580220   0.0000045569
        0.0000221173  -0.0006193192  -0.0018087882   0.0000242072   0.0000231315
       -0.0010091711  -0.0005325523  -0.1143877188  -0.0740791013   0.1370944364
        0.0006666937  -0.0010936726  -0.0001535356
       -0.0001141657   0.0000350032  -0.0001037386  -0.0293891364  -0.0003866413
       -0.0005767952   0.0002363621  -0.0000190562   0.0001341911  -0.0000098238
       -0.0000613573   0.0000097628   0.0000376766  -0.0000126129  -0.0000016763
        0.0001070249  -0.0000309569  -0.0000090363   0.0010756900  -0.0002395534
        0.0004779523   0.0000348204   0.0000636361   0.0000621204   0.0005943027
        0.0009200809  -0.0018504711  -0.0041566287  -0.0024526991   0.0032981054
       -0.0104586548   0.0026028744  -0.0047634187  -0.2587274303   0.0350258920
       -0.0674587245   0.0000206797   0.0000069126  -0.0000001590  -0.0000008680
        0.0000085094  -0.0000247553  -0.0000006169  -0.0000297532  -0.0000031276
        0.0000136813  -0.0000239399  -0.0000041790  -0.0000296930   0.0000194440
       -0.0000046629  -0.0000219385  -0.0000166463   0.0000151209  -0.0000405058
        0.0000088808  -0.0000214465  -0.0000136269  -0.0000256424   0.0000184446
       -0.0000021543   0.0000385665   0.0000276009  -0.0000246664   0.0000085705
       -0.0000370897  -0.0005644236   0.0000447991  -0.0000987522  -0.0012864146
        0.0002069285  -0.0003989032   0.0007735117  -0.0003268101   0.0006666937
        0.3019469986  -0.0353644290   0.0706469441
       -0.0000599723  -0.0000583596  -0.0000364453  -0.0122486528  -0.0019159770
       -0.0058280596   0.0001603101  -0.0014390486  -0.0008414776   0.0001652624
       -0.0001000742  -0.0000378583  -0.0000231168  -0.0000275630  -0.0000517300
       -0.0000074467   0.0001079953   0.0000304943  -0.0002449374  -0.0000174099
        0.0003653005   0.0000157073   0.0000991920   0.0000411574   0.0004995902
        0.0041300465   0.0060674021  -0.0024417069   0.0062252246   0.0056671746
        0.0141824825  -0.0009015497   0.0061982691   0.0350380701  -0.0433331672
        0.0139093211  -0.0001754239   0.0000539857  -0.0001701505   0.0000303841
        0.0000137002  -0.0000281205   0.0000513722  -0.0000050812   0.0000482845
        0.0000264343  -0.0000490153  -0.0000024913   0.0000378219   0.0000335959
       -0.0000063454   0.0000339494   0.0000372660   0.0000242542   0.0000071530
       -0.0000540858   0.0000035493  -0.0000597924   0.0000177762  -0.0000238323
       -0.0000439982  -0.0000206298  -0.0000086741  -0.0000327554  -0.0000420175
       -0.0000045905   0.0008111683  -0.0004501395   0.0000484469  -0.0007663827
        0.0003411693   0.0000865131   0.0004089085  -0.0012308591  -0.0010936726
       -0.0353644290   0.0385850255  -0.0243567192
        0.0000336654  -0.0000798837   0.0000905953   0.0182577434  -0.0052185926
        0.0041561331   0.0000181482  -0.0008816788  -0.0006198268   0.0002291356
       -0.0000487982  -0.0000085903  -0.0001121694   0.0000053603  -0.0001080822
       -0.0000805920  -0.0000044695   0.0000959454   0.0003498469   0.0002851981
       -0.0002175319  -0.0001179944   0.0000232493   0.0000659681  -0.0012434002
        0.0061015256  -0.0018497968   0.0032394514   0.0056064315   0.0009627479
       -0.0233709465   0.0056391465  -0.0075663291  -0.0673531061   0.0139381332
       -0.0615246265   0.0000357706   0.0000382391  -0.0000022204   0.0000249545
       -0.0000332992   0.0000380789   0.0000584851   0.0000045715  -0.0000056107
        0.0000433509  -0.0000035100  -0.0000107527   0.0000006190   0.0000102459
        0.0000182380   0.0000221377  -0.0000100935   0.0000659316   0.0000492977
       -0.0000079866  -0.0000281536  -0.0000305489  -0.0000100653   0.0000017343
       -0.0000175683   0.0000142642  -0.0000495403   0.0000662255  -0.0000186959
       -0.0000174430  -0.0013600590   0.0000112547  -0.0005699396   0.0011509921
        0.0001296335   0.0002456073  -0.0005403832  -0.0011334609  -0.0001535356
        0.0706469441  -0.0243567192   0.0669909998
